w1/w2 shapes: (8, 64) (64, 4)
in1: [[ 0.   -0.25 -0.5  -0.75 -1.   -1.25 -1.5  -1.75]
 [ 1.    0.75  0.5   0.25  0.   -0.25 -0.5  -0.75]
 [ 2.    1.75  1.5   1.25  1.    0.75  0.5   0.25]
 [ 3.    2.75  2.5   2.25  2.    1.75  1.5   1.25]
 [ 4.    3.75  3.5   3.25  3.    2.75  2.5   2.25]
 [ 5.    4.75  4.5   4.25  4.    3.75  3.5   3.25]
 [ 6.    5.75  5.5   5.25  5.    4.75  4.5   4.25]
 [ 7.    6.75  6.5   6.25  6.    5.75  5.5   5.25]
 [ 8.    7.75  7.5   7.25  7.    6.75  6.5   6.25]
 [ 9.    8.75  8.5   8.25  8.    7.75  7.5   7.25]
 [10.    9.75  9.5   9.25  9.    8.75  8.5   8.25]
 [11.   10.75 10.5  10.25 10.    9.75  9.5   9.25]
 [12.   11.75 11.5  11.25 11.   10.75 10.5  10.25]
 [13.   12.75 12.5  12.25 12.   11.75 11.5  11.25]
 [14.   13.75 13.5  13.25 13.   12.75 12.5  12.25]
 [15.   14.75 14.5  14.25 14.   13.75 13.5  13.25]]
in1: [[0.   0.   0.   0.   0.   0.   0.   0.  ]
 [0.25 0.25 0.25 0.25 0.25 0.25 0.25 0.25]
 [0.5  0.5  0.5  0.5  0.5  0.5  0.5  0.5 ]
 [0.75 0.75 0.75 0.75 0.75 0.75 0.75 0.75]
 [1.   1.   1.   1.   1.   1.   1.   1.  ]
 [1.25 1.25 1.25 1.25 1.25 1.25 1.25 1.25]
 [1.5  1.5  1.5  1.5  1.5  1.5  1.5  1.5 ]
 [1.75 1.75 1.75 1.75 1.75 1.75 1.75 1.75]
 [2.   2.   2.   2.   2.   2.   2.   2.  ]
 [2.25 2.25 2.25 2.25 2.25 2.25 2.25 2.25]
 [2.5  2.5  2.5  2.5  2.5  2.5  2.5  2.5 ]
 [2.75 2.75 2.75 2.75 2.75 2.75 2.75 2.75]
 [3.   3.   3.   3.   3.   3.   3.   3.  ]
 [3.25 3.25 3.25 3.25 3.25 3.25 3.25 3.25]
 [3.5  3.5  3.5  3.5  3.5  3.5  3.5  3.5 ]
 [3.75 3.75 3.75 3.75 3.75 3.75 3.75 3.75]]
in1.shape: (16, 8)
w1.shape: (8, 64)
z1: [[ -0.27928954  -1.33266073  -1.43395022 ...   1.3804118   -0.99602675
   -1.14561958]
 [ -0.74909944  -2.30119866   0.97986791 ...   1.6033833   -2.00105584
   -1.3869772 ]
 [ -1.21890935  -3.26973659   3.39368603 ...   1.8263548   -3.00608492
   -1.62833483]
 ...
 [ -6.3868183  -13.92365378  29.94568536 ...   4.27904129 -14.06140482
   -4.2832687 ]
 [ -6.8566282  -14.89219171  32.35950348 ...   4.50201279 -15.06643391
   -4.52462632]
 [ -7.32643811 -15.86072963  34.7733216  ...   4.72498429 -16.07146299
   -4.76598395]]
a1: [[ 0.          0.          0.         ...  1.3804118   0.
   0.        ]
 [ 0.          0.          0.97986791 ...  1.6033833   0.
   0.        ]
 [ 0.          0.          3.39368603 ...  1.8263548   0.
   0.        ]
 ...
 [ 0.          0.         29.94568536 ...  4.27904129  0.
   0.        ]
 [ 0.          0.         32.35950348 ...  4.50201279  0.
   0.        ]
 [ 0.          0.         34.7733216  ...  4.72498429  0.
   0.        ]]
out1.shape: (16, 64)
z1_targ: [[-1.12254679 -0.52532017  0.80147445 ...  0.45937786 -0.68870318
  -1.01882982]
 [-1.23999927 -0.76745465  1.40492898 ...  0.51512073 -0.93996045
  -1.07916923]
 [-1.35745174 -1.00958914  2.00838351 ...  0.5708636  -1.19121772
  -1.13950863]
 ...
 [-2.64942898 -3.67306843  8.64638335 ...  1.18403523 -3.9550477
  -1.8032421 ]
 [-2.76688146 -3.91520292  9.24983788 ...  1.2397781  -4.20630497
  -1.86358151]
 [-2.88433393 -4.1573374   9.85329241 ...  1.29552098 -4.45756224
  -1.92392091]]
a1_targ: [[0.         0.         0.80147445 ... 0.45937786 0.         0.        ]
 [0.         0.         1.40492898 ... 0.51512073 0.         0.        ]
 [0.         0.         2.00838351 ... 0.5708636  0.         0.        ]
 ...
 [0.         0.         8.64638335 ... 1.18403523 0.         0.        ]
 [0.         0.         9.24983788 ... 1.2397781  0.         0.        ]
 [0.         0.         9.85329241 ... 1.29552098 0.         0.        ]]
out1_targ.shape: (16, 64)
z2 (qvals): [[  5.55443688   4.9957734    5.39240083   4.72157839]
 [ 12.45221433  12.67397911  12.29017829  12.3997841 ]
 [ 25.59608643  27.11008112  25.43405038  26.83588611]
 [ 38.76224635  41.47613811  38.6002103   41.2019431 ]
 [ 51.64297275  55.49387906  51.4809367   55.21968405]
 [ 64.64848295  69.51477897  64.48644691  69.24058396]
 [ 77.52448183  83.36254033  77.36244579  83.08834532]
 [ 90.40048071  97.21030168  90.23844467  96.93610667]
 [103.27647959 111.05806303 103.11444354 110.78386802]
 [116.15247846 124.90582438 115.99044242 124.63162937]
 [129.02847734 138.75358573 128.8664413  138.47939072]
 [141.90447622 152.60134708 141.74244017 152.32715207]
 [154.78549621 166.44404532 154.62346017 166.16985031]
 [167.66830461 180.28494021 167.50626857 180.0107452 ]
 [180.55111301 194.12583509 180.38907696 193.85164008]
 [193.4339214  207.96672998 193.27188536 207.69253497]]
out2.shape: (16, 4)
z2_targ (q_targ vals): [[12.62763447 13.25266832 12.46559842 12.97847331]
 [15.68879808 16.63598162 15.52676204 16.36178661]
 [18.79478302 20.04925021 18.63274697 19.7750552 ]
 [21.9565372  23.51952826 21.79450115 23.24533325]
 [25.28739115 27.20334379 25.12535511 26.92914878]
 [28.54882229 30.82219663 28.38678624 30.54800162]
 [31.68746999 34.27963623 31.52543395 34.00544122]
 [34.8640477  37.75529399 34.70201165 37.48109898]
 [38.07922972 41.25811175 37.91719368 40.98391674]
 [41.33791029 44.7910281  41.17587425 44.51683309]
 [44.59659086 48.32394444 44.43455482 48.04974943]
 [47.85527143 51.85686079 47.69323538 51.58266578]
 [51.1406614  55.39906352 50.97862536 55.12486851]
 [54.43151491 58.94316584 54.26947887 58.66897083]
 [57.69945361 62.45663424 57.53741756 62.18243923]
 [60.93035068 65.92747397 60.76831463 65.65327896]]
out2_targ.shape: (16, 4)
rs: [1. 1. 1. 1. 1. 1. 1. 1. 1. 1. 1. 1. 1. 1. 1. 1.]
acts: [2. 1. 2. 1. 2. 1. 2. 1. 2. 1. 2. 1. 2. 1. 2. 1.]
qtargets: [[12.62763447 13.25266832 12.46559842 12.97847331]
 [15.68879808 16.63598162 15.52676204 16.36178661]
 [18.79478302 20.04925021 18.63274697 19.7750552 ]
 [21.9565372  23.51952826 21.79450115 23.24533325]
 [25.28739115 27.20334379 25.12535511 26.92914878]
 [28.54882229 30.82219663 28.38678624 30.54800162]
 [31.68746999 34.27963623 31.52543395 34.00544122]
 [34.8640477  37.75529399 34.70201165 37.48109898]
 [38.07922972 41.25811175 37.91719368 40.98391674]
 [41.33791029 44.7910281  41.17587425 44.51683309]
 [44.59659086 48.32394444 44.43455482 48.04974943]
 [47.85527143 51.85686079 47.69323538 51.58266578]
 [51.1406614  55.39906352 50.97862536 55.12486851]
 [54.43151491 58.94316584 54.26947887 58.66897083]
 [57.69945361 62.45663424 57.53741756 62.18243923]
 [60.93035068 65.92747397 60.76831463 65.65327896]]
argmaxqt: [13.25266832 16.63598162 20.04925021 23.51952826 27.20334379 30.82219663
 34.27963623 37.75529399 41.25811175 44.7910281  48.32394444 51.85686079
 55.39906352 58.94316584 62.45663424 65.92747397]
delt2: [[  0.           0.          -4.46786665   0.        ]
 [  0.           6.71197661   0.           0.        ]
 [  0.           0.          28.81885056   0.        ]
 [  0.          57.43274797   0.           0.        ]
 [  0.           0.          73.75852962   0.        ]
 [  0.         106.20736132   0.           0.        ]
 [  0.           0.         118.44525535   0.        ]
 [  0.         154.66530936   0.           0.        ]
 [  0.           0.         162.97077533   0.        ]
 [  0.         203.02062066   0.           0.        ]
 [  0.           0.         207.40893815   0.        ]
 [  0.         251.34583338   0.           0.        ]
 [  0.           0.         251.84785682   0.        ]
 [  0.         299.62671458   0.           0.        ]
 [  0.           0.         296.32151968   0.        ]
 [  0.         348.00598598   0.           0.        ]]
delt1 shape: (16, 64) delt2 shape: (16, 4)
delt1 before z1:
[[   2.09525828    1.6903711    -2.69880171 ...   -1.42383647
     1.82174871    2.07095549]
 [  -3.19964831    0.15330058    4.23894932 ...   -0.22539203
    -1.22605434   -4.04762024]
 [ -13.51493674  -10.90331378   17.40794195 ...    9.18409918
   -11.75073202  -13.35817775]
 ...
 [-142.83424496    6.84343084  189.22927365 ...  -10.0616374
   -54.73181101 -180.68822738]
 [-138.96343944 -112.11017953  178.99214278 ...   94.43285117
  -120.82351317 -137.3516103 ]
 [-165.89699726    7.9484064   219.78320607 ...  -11.68624116
   -63.5690909  -209.86307851]]
delt1 after z1:
[[  0.           0.           0.         ...  -1.42383647   0.
    0.        ]
 [  0.           0.           4.23894932 ...  -0.22539203   0.
    0.        ]
 [  0.           0.          17.40794195 ...   9.18409918   0.
    0.        ]
 ...
 [  0.           0.         189.22927365 ... -10.0616374    0.
    0.        ]
 [  0.           0.         178.99214278 ...  94.43285117   0.
    0.        ]
 [  0.           0.         219.78320607 ... -11.68624116   0.
    0.        ]]
wa1 shape: (8, 64) wa2 shape: (64, 4)
wa1:
[[     0.              0.          16803.10122893 -14689.92641557
   15564.37308601  12569.39047299  14458.68997077      0.
       3.19270998  13087.03228732   -234.34795903      0.
   15148.2831533   12491.96244777  14062.65048781 -14919.11121215
       0.              3.23525149 -12983.34976251 -16016.09477549
       0.              0.         -14002.52977133      0.
   12038.00691283      0.          16601.64384707   -206.47759506
       4.2043501       3.9759498  -13466.50686668      0.
       4.11669586 -11260.23003128  12629.54826235      0.
       0.          15032.30399342   8293.2370685       0.
       0.              0.              0.              0.
   13317.26167062  15376.26912038      0.          15627.40205699
   17252.70568996      6.44264806     28.61333858  16174.53258829
    -991.60633574  -2538.37351735  14229.70908542  14089.16653018
       0.              0.          11479.12445322  15328.05486158
       0.           3180.01903387      0.              0.        ]
 [     0.              0.          16405.70438953 -14345.55493148
   15195.23911412  12273.16517995  14118.83009513      0.
       3.16238515  12775.52746191   -228.51043428      0.
   14789.32072207  12200.29341599  13730.27280658 -14565.60014285
       0.              2.93540212 -12678.97737927 -15642.64057694
       0.22523729     -0.55825025 -13680.57549119     -0.45672576
   11754.6658358       0.          16206.0259434    -197.38240911
       3.8142247       3.43884976 -13163.27058854     -0.56120298
       3.55852976 -10998.7528114   12332.8955445       0.
       0.          14677.81195901   8096.51954656      0.
      -0.17268362      0.              0.             -0.50562287
   13002.06895712  15013.96904518      0.          15257.34173271
   16844.64318288      5.79093328     25.76603804  15794.07138924
    -969.0761492   -2480.92471148  13895.44828903  13756.2950096
      -0.63591621      0.          11209.22456996  14964.22902347
       0.           3101.56425624      0.              0.        ]
 [     0.              0.          16008.30755013 -14001.18344738
   14826.10514223  11976.93988691  13778.9702195       0.
       3.13206032  12464.0226365    -222.67290953      0.
   14430.35829084  11908.6243842   13397.89512535 -14212.08907354
       0.              2.63555275 -12374.60499603 -15269.18637839
       0.45047457     -1.11650049 -13358.62121106     -0.91345153
   11471.32475876      0.          15810.40803972   -188.28722317
       3.42409929      2.90174972 -12860.03431041     -1.12240595
       3.00036366 -10737.27559151  12036.24282664      0.
       0.          14323.3199246    7899.80202463      0.
      -0.34536724      0.              0.             -1.01124573
   12686.87624362  14651.66896997      0.          14887.28140843
   16436.5806758       5.1392185      22.9187375   15413.61019018
    -946.54596266  -2423.47590561  13561.18749265  13423.42348901
      -1.27183243      0.          10939.32468669  14600.40318536
       0.           3023.10947862      0.              0.        ]
 [     0.              0.          15610.91071073 -13656.81196329
   14456.97117034  11680.71459387  13439.11034386      0.
       3.10173549  12152.51781109   -216.83538477      0.
   14071.39585962  11616.95535242  13065.51744412 -13858.57800423
       0.              2.33570339 -12070.23261279 -14895.73217984
       0.67571186     -1.67475074 -13036.66693093     -1.37017729
   11187.98368173      0.          15414.79013605   -179.19203723
       3.03397389      2.36464968 -12556.79803227     -1.68360893
       2.44219756 -10475.79837162  11739.59010878      0.
       0.          13968.82789019   7703.0845027       0.
      -0.51805087      0.              0.             -1.5168686
   12371.68353011  14289.36889477      0.          14517.22108415
   16028.51816871      4.48750371     20.07143696  15033.14899113
    -924.01577612  -2366.02709974  13226.92669626  13090.55196843
      -1.90774864      0.          10669.42480343  14236.57734725
       0.           2944.65470099      0.              0.        ]
 [     0.              0.          15213.51387133 -13312.4404792
   14087.83719845  11384.48930083  13099.25046822      0.
       3.07141066  11841.01298568   -210.99786002      0.
   13712.43342839  11325.28632064  12733.13976289 -13505.06693492
       0.              2.03585402 -11765.86022955 -14522.27798129
       0.90094914     -2.23300099 -12714.71265079     -1.82690305
   10904.64260469      0.          15019.17223237   -170.09685129
       2.64384849      1.82754964 -12253.56175413     -2.24481191
       1.88403146 -10214.32115173  11442.93739093      0.
       0.          13614.33585577   7506.36698076      0.
      -0.69073449      0.              0.             -2.02249147
   12056.49081661  13927.06881956      0.          14147.16075987
   15620.45566163      3.83578893     17.22413641  14652.68779208
    -901.48558957  -2308.57829387  12892.66589988  12757.68044784
      -2.54366485      0.          10399.52492016  13872.75150914
       0.           2866.19992337      0.              0.        ]
 [     0.              0.          14816.11703193 -12968.06899511
   13718.70322656  11088.2640078   12759.39059259      0.
       3.04108582  11529.50816027   -205.16033527      0.
   13353.47099716  11033.61728885  12400.76208166 -13151.55586561
       0.              1.73600465 -11461.48784631 -14148.82378275
       1.12618643     -2.79125124 -12392.75837066     -2.28362881
   10621.30152766      0.          14623.5543287    -161.00166535
       2.25372308      1.2904496  -11950.325476       -2.80601488
       1.32586536  -9952.84393184  11146.28467307      0.
       0.          13259.84382136   7309.64945883      0.
      -0.86341811      0.              0.             -2.52811433
   11741.29810311  13564.76874436      0.          13777.10043559
   15212.39315455      3.18407415     14.37683587  14272.22659302
    -878.95540303  -2251.129488    12558.40510349  12424.80892726
      -3.17958106      0.          10129.6250369   13508.92567103
       0.           2787.74514574      0.              0.        ]
 [     0.              0.          14418.72019253 -12623.69751101
   13349.56925467  10792.03871476  12419.53071695      0.
       3.01076099  11218.00333486   -199.32281052      0.
   12994.50856594  10741.94825707  12068.38440043 -12798.0447963
       0.              1.43615528 -11157.11546307 -13775.3695842
       1.35142371     -3.34950148 -12070.80409053     -2.74035458
   10337.96045062      0.          14227.93642503   -151.9064794
       1.86359768      0.75334956 -11647.08919786     -3.36721786
       0.76769926  -9691.36671196  10849.63195522      0.
       0.          12905.35178695   7112.9319369       0.
      -1.03610173      0.              0.             -3.0337372
   11426.1053896   13202.46866915      0.          13407.04011131
   14804.33064747      2.53235937     11.52953533  13891.76539397
    -856.42521649  -2193.68068212  12224.1443071   12091.93740667
      -3.81549728      0.           9859.72515363  13145.09983292
       0.           2709.29036811      0.              0.        ]
 [     0.              0.          14021.32335313 -12279.32602692
   12980.43528278  10495.81342172  12079.67084131      0.
       2.98043616  10906.49850945   -193.48528577      0.
   12635.54613471  10450.27922529  11736.0067192  -12444.53372699
       0.              1.13630591 -10852.74307983 -13401.91538565
       1.576661       -3.90775173 -11748.84981039     -3.19708034
   10054.61937359      0.          13832.31852135   -142.81129346
       1.47347228      0.21624952 -11343.85291972     -3.92842084
       0.20953316  -9429.88949207  10552.97923736      0.
       0.          12550.85975254   6916.21441496      0.
      -1.20878536      0.              0.             -3.53936007
   11110.9126761   12840.16859395      0.          13036.97978704
   14396.26814039      1.88064459      8.68223479  13511.30419492
    -833.89502995  -2136.23187625  11889.88351072  11759.06588609
      -4.45141349      0.           9589.82527037  12781.27399481
       0.           2630.83559049      0.              0.        ]]
wa2:
[[    0.             0.             0.             0.        ]
 [    0.             0.             0.             0.        ]
 [    0.         35367.74369257 26394.86394862     0.        ]
 [    0.         10203.15711585  7542.45631978     0.        ]
 [    0.         30371.73876989 22708.08261874     0.        ]
 [    0.         25029.90275149 18697.95935784     0.        ]
 [    0.         15292.72176077 11461.81507915     0.        ]
 [    0.             0.             0.             0.        ]
 [    0.             0.12743       -2.18748377     0.        ]
 [    0.         10307.18631046  7754.21392793     0.        ]
 [    0.           138.86467163   125.86774411     0.        ]
 [    0.             0.             0.             0.        ]
 [    0.         26897.05480098 20085.01983382     0.        ]
 [    0.         13569.04237945 10187.04509947     0.        ]
 [    0.         36924.37599203 27550.70967431     0.        ]
 [    0.          9201.64898228  6798.54473598     0.        ]
 [    0.             0.             0.             0.        ]
 [    0.             5.54345108   -10.70611842     0.        ]
 [    0.         10618.24800996  7817.66962399     0.        ]
 [    0.         11623.22345826  8573.3309093      0.        ]
 [    0.             0.            -2.79807495     0.        ]
 [    0.             0.            -2.6335613      0.        ]
 [    0.          2950.79027689  2159.39264473     0.        ]
 [    0.             0.            -1.26204197     0.        ]
 [    0.          5172.0079351   3872.93591129     0.        ]
 [    0.             0.             0.             0.        ]
 [    0.         16468.02864023 12238.78118192     0.        ]
 [    0.         13071.05201934  9731.19529418     0.        ]
 [    0.             2.48343708    -3.99317807     0.        ]
 [    0.             6.41799581    -9.94394005     0.        ]
 [    0.          2993.54918343  2140.15198952     0.        ]
 [    0.             0.            -1.59379162     0.        ]
 [    0.             6.12209953    -9.02758535     0.        ]
 [    0.         10245.00369089  7544.28909999     0.        ]
 [    0.         34411.23376589 25687.36991434     0.        ]
 [    0.             0.             0.             0.        ]
 [    0.             0.             0.             0.        ]
 [    0.         22015.22483583 16490.24762004     0.        ]
 [    0.         20895.47595773 15571.6064597      0.        ]
 [    0.             0.             0.             0.        ]
 [    0.             0.            -7.2621006      0.        ]
 [    0.             0.             0.             0.        ]
 [    0.             0.             0.             0.        ]
 [    0.             0.            -2.6689662      0.        ]
 [    0.          9402.1739211   7088.73287797     0.        ]
 [    0.         20092.10786877 15032.2582008      0.        ]
 [    0.             0.             0.             0.        ]
 [    0.         36658.69790364 27364.43413812     0.        ]
 [    0.         12172.29409671  9117.22196663     0.        ]
 [    0.             5.16769447    -2.25221816     0.        ]
 [    0.            36.67319607    18.94161982     0.        ]
 [    0.          1656.24432962  1271.73446854     0.        ]
 [    0.         11254.30350525  8427.23716698     0.        ]
 [    0.          7755.3272436   5853.83331485     0.        ]
 [    0.          9644.21247502  7274.19953201     0.        ]
 [    0.         36779.49614605 27440.66313492     0.        ]
 [    0.             0.            -2.11942548     0.        ]
 [    0.             0.             0.             0.        ]
 [    0.         18647.82678216 13938.72492732     0.        ]
 [    0.         15843.58869241 11815.65973315     0.        ]
 [    0.             0.             0.             0.        ]
 [    0.          5425.91334407  4156.0278268      0.        ]
 [    0.             0.             0.             0.        ]
 [    0.             0.             0.             0.        ]]
TDs:
[ -2.23393332   3.3559883   14.40942528  28.71637398  36.87926481
  53.10368066  59.22262767  77.33265468  81.48538767 101.51031033
 103.70446908 125.67291669 125.92392841 149.81335729 148.16075984
 174.00299299]
Qs
[  5.39240083  12.67397911  25.43405038  41.47613811  51.4809367
  69.51477897  77.36244579  97.21030168 103.11444354 124.90582438
 128.8664413  152.60134708 154.62346017 180.28494021 180.38907696
 207.96672998]
=================================================
================W1 transfer back=================
=================================================
[[    0.09915441    -0.83099097 -1680.17537563  1469.51267539
  -1555.95538431 -1256.90349145 -1445.81743946    -0.28794271
     -0.73914227 -1308.22444849    23.42328673     0.20277463
  -1514.91056565 -1248.86442503 -1406.39029292  1492.18904933
      0.31452167    -0.69423958  1298.29127217  1601.77375348
     -0.39513722     0.22389877  1400.39671962     0.13287388
  -1203.91678178     0.19251202 -1660.76482342    20.88926631
     -0.68333709    -0.4382601   1346.65372682     0.48334587
     -0.73837474  1125.77584314 -1262.8217071     -0.13170768
      0.25504956 -1502.9196353   -829.35997428     0.10338196
      0.20394129     0.31944856    -0.28020772     0.07644557
  -1331.68529698 -1537.66877531    -0.44812065 -1562.4795058
  -1725.32578603    -0.28003364    -2.59485958 -1617.78333329
     99.69572986   254.51502722 -1422.72763364 -1408.75913897
     -0.04243847    -0.4964045  -1148.13468726 -1533.19696571
     -0.24925019  -317.77756283    -0.6668942     -0.39231238]
 [    0.29402483    -0.91242588 -1640.18361709  1434.71070832
  -1519.16116619 -1227.12195581 -1411.93657399    -0.72908038
     -0.72361343 -1277.62247199    23.36034587    -0.10724362
  -1478.36781858 -1219.80844029 -1372.52174082  1456.66797925
     -0.11692632    -0.25340896  1268.03099192  1564.4778627
     -0.18371926    -0.23856163  1368.33971202    -0.48301824
  -1175.5387318     -0.19923632 -1620.73080149    19.79755756
     -0.51584601    -0.6193701   1316.21382761    -0.31062225
     -0.3165267   1100.2028241  -1232.8154819     -0.93402535
      0.19751197 -1467.47693645  -809.84308099    -0.36409986
     -0.62006116    -0.28974161    -0.6274581     -0.22627196
  -1299.87587184 -1501.05862846    -0.23145987 -1525.52448194
  -1684.16341288    -0.39644144    -1.96416673 -1579.38546144
     96.83804167   248.55398094 -1389.78734652 -1375.5340916
     -0.22669474    -0.39077803 -1120.58158432 -1496.33181726
     -0.79720479  -309.22674081    -0.80296499     0.23137197]
 [   -0.37352312     0.28179872 -1600.44494458  1399.58435394
  -1482.52046993 -1197.28146021 -1377.40113118     0.49739006
     -0.20989556 -1246.67117895    22.28216187    -0.54975379
  -1442.72755055 -1190.93071608 -1339.22929885  1420.84223642
     -0.43930849    -0.49360872  1237.10007994  1526.69718572
     -0.3431631     -0.31596485  1335.81819011     0.28860286
  -1146.84920289     0.10813419 -1580.37645924    18.69965055
     -0.38212409    -0.44290226  1286.02042685    -0.40003093
     -0.36029731  1073.80234046 -1203.23358247     0.42710975
     -0.34384489 -1432.49764991  -789.36605337     0.25293395
     -0.28754955    -0.20217139     0.3122761     -0.34328578
  -1268.37218994 -1464.74108317    -0.38050285 -1488.1474116
  -1643.64399691    -0.99337526    -2.58648103 -1540.95211843
     95.01973411   241.82198196 -1355.57423258 -1341.79682579
     -0.0286156      0.18869075 -1093.58938559 -1459.43979441
     -0.17468448  -302.44384253     0.47939271    -0.14278038]
 [   -0.25456107     0.97734916 -1560.79154158  1365.93308457
  -1445.62264791 -1167.87185391 -1343.91520788     0.46327347
      0.17845308 -1215.08209375    21.14186219     0.17450395
  -1407.01972799 -1161.75739628 -1306.22839628  1386.19531366
      0.21763587    -0.45810573  1207.72662267  1489.87600922
      0.28385273    -0.03821304  1303.41637591    -0.28030124
  -1118.72544796    -0.10581217 -1540.81994794    18.20896822
     -0.12823467    -0.4023158   1255.94573307     0.06559668
     -0.45080124  1047.84069913 -1173.78677774     0.63623196
     -0.1973125  -1396.62028486  -769.96737762    -0.18610863
     -0.04046389     0.12274607     0.48164645    -0.02726703
  -1237.58377176 -1428.99800533     0.78171593 -1451.5262711
  -1602.71778908    -0.8316296     -2.83466168 -1503.38354595
     91.93657025   236.20872268 -1322.96111309 -1308.59347438
     -0.05084258     0.57832217 -1066.78213923 -1423.41174242
      0.70278776  -295.37511506     0.48795193     0.18304197]
 [    0.09915441    -0.83099097 -1521.21663987  1331.76408176
  -1408.30179555 -1138.41337423 -1309.8734892     -0.28794271
     -0.72701234 -1183.62251833    21.08827683     0.20277463
  -1371.32559316 -1132.19681232 -1273.43922043  1350.78462161
      0.31452167    -0.57429983  1176.54231887  1452.39207406
     -0.48523213     0.44719887  1271.61500757     0.31556418
  -1090.58035097     0.19251202 -1502.51766195    17.25119193
     -0.52728693    -0.22342008  1225.35921556     0.70782706
     -0.5151083   1021.18495519 -1144.16061996    -0.13170768
      0.25504956 -1361.12282153  -750.6729655      0.10338196
      0.27301473     0.31944856    -0.28020772     0.27869472
  -1205.60821158 -1392.74874523    -0.44812065 -1414.45537609
  -1562.10078319    -0.01934772    -1.45593936 -1465.59885367
     90.68365525   231.53550487 -1289.02331509 -1275.61053073
      0.21192802    -0.4964045  -1040.17473395 -1387.66663047
     -0.24925019  -286.39565178    -0.6668942     -0.39231238]
 [    0.29402483    -0.91242588 -1481.22488133  1296.96211468
  -1371.50757743 -1108.6318386  -1275.99262373    -0.72908038
     -0.7114835  -1153.02054182    21.02533596    -0.10724362
  -1334.78284609 -1103.14082757 -1239.57066833  1315.26355153
     -0.11692632    -0.13346922  1146.28203862  1415.09618328
     -0.27381417    -0.01526153  1239.55799997    -0.30032793
  -1062.20230098    -0.19923632 -1462.48364002    16.15948318
     -0.35979585    -0.40453009  1194.91931636    -0.08614106
     -0.09326026   995.61193615 -1114.15439476    -0.93402535
      0.19751197 -1325.68012269  -731.15607221    -0.36409986
     -0.55098771    -0.28974161    -0.6274581     -0.02402282
  -1173.79878644 -1356.13859838    -0.23145987 -1377.50035223
  -1520.93841005    -0.13575552    -0.82524652 -1427.20098182
     87.82596706   225.57445859 -1256.08302797 -1242.38548337
      0.02767174    -0.39077803 -1012.62163101 -1350.80148201
     -0.79720479  -277.84482976    -0.80296499     0.23137197]
 [   -0.37352312     0.28179872 -1441.48620882  1261.8357603
  -1334.86688117 -1078.79134299 -1241.45718093     0.49739006
     -0.19776563 -1122.06924878    19.94715197    -0.54975379
  -1299.14257806 -1074.26310336 -1206.27822636  1279.43780869
     -0.43930849    -0.37366897  1115.35112665  1377.3155063
     -0.43325801    -0.09266475  1207.03647805     0.47129317
  -1033.51277208     0.10813419 -1422.12929777    15.06157617
     -0.22607393    -0.22806225  1164.7259156     -0.17554974
     -0.13703087   969.21145251 -1084.57249533     0.42710975
     -0.34384489 -1290.70083614  -710.6790446      0.25293395
     -0.2184761     -0.20217139     0.3122761     -0.14103663
  -1142.29510453 -1319.82105309    -0.38050285 -1340.12328189
  -1480.41899408    -0.73268935    -1.44756081 -1388.76763881
     86.00765949   218.84245961 -1221.86991403 -1208.64821756
      0.22575089     0.18869075  -985.62943228 -1313.90945916
     -0.17468448  -271.06193148     0.47939271    -0.14278038]
 [   -0.25456107     0.97734916 -1401.83280582  1228.18449094
  -1297.96905916 -1049.38173669 -1207.97125762     0.46327347
      0.19058301 -1090.48016358    18.80685229     0.17450395
  -1263.4347555  -1045.08978357 -1173.27732379  1244.79088594
      0.21763587    -0.33816598  1085.97766938  1340.4943298
      0.19375782     0.18508705  1174.63466385    -0.09761094
  -1005.38901715    -0.10581217 -1382.57278647    14.57089384
      0.02781549    -0.18747578  1134.65122182     0.29007787
     -0.2275348    943.24981117 -1055.1256906      0.63623196
     -0.1973125  -1254.82347109  -691.28036885    -0.18610863
      0.02860956     0.12274607     0.48164645     0.17498212
  -1111.50668635 -1284.07797525     0.78171593 -1303.50214138
  -1439.49278624    -0.57094369    -1.69574147 -1351.19906633
     82.92449563   213.22920033 -1189.25679454 -1175.44486615
      0.20352391     0.57832217  -958.82218592 -1277.88140718
      0.70278776  -263.99320401     0.48795193     0.18304197]]
=================================================
================W2 transfer back=================
=================================================
[[   -0.46896169    -0.47670731    -0.46896169    -0.47670731]
 [   -0.37833965     0.02283986    -0.37833965     0.02283986]
 [    0.60404706 -3536.14281918 -2638.8823478      0.63155007]
 [   -0.41051146 -1020.956193    -754.65614344    -0.64048141]
 [    0.61813337 -3036.63279806 -2270.19012851     0.54107893]
 [    0.39266184 -2502.4735083  -1869.40327394     0.51676685]
 [    0.42828077 -1528.66020255 -1145.75322714     0.61197352]
 [   -0.10109279     0.02117752    -0.10109279     0.02117752]
 [    0.68744457     0.46293059     0.90619294     0.47567359]
 [    0.62303901 -1030.34105636  -774.79835379     0.37757468]
 [    0.11735656   -14.00480514   -12.46941785    -0.11833798]
 [   -0.58069307    -0.63047141    -0.58069307    -0.63047141]
 [    0.58440298 -2689.16597646 -2007.9175804      0.53950363]
 [    0.25121006 -1356.28649696 -1018.45329988     0.61774099]
 [    0.4937934  -3691.90025594 -2754.57717403     0.53734326]
 [   -0.61760116  -920.66496242  -680.47207475    -0.50006419]
 [   -0.38415065    -0.55394965    -0.38415065    -0.55394965]
 [    0.4556658     -0.07233337     1.52627764     0.48201174]
 [   -0.52907562 -1062.26823917  -782.29603802    -0.44343817]
 [   -0.49623972 -1162.98601833  -857.82933065    -0.66367251]
 [    0.20165086     0.11484538     0.48145835     0.11484538]
 [   -0.49979132    -0.62553209    -0.23643519    -0.62553209]
 [   -0.50903696  -295.60908697  -216.44830143    -0.53005928]
 [   -0.40889829    -0.58583087    -0.2826941     -0.58583087]
 [    0.35558343  -516.69053209  -386.9380077      0.51026142]
 [   -0.46581775    -0.5211271     -0.46581775    -0.5211271 ]
 [    0.80653346 -1646.33580301 -1223.07158474     0.46706101]
 [   -0.2463544  -1306.93396512  -973.36588382     0.17123681]
 [    0.5917474      0.37805152     0.99106521     0.62639523]
 [    0.40904301    -0.04943312     1.40343702     0.59236646]
 [   -0.42426041  -299.92209528  -214.43945936    -0.56717694]
 [   -0.50243485    -0.56419635    -0.34305569    -0.56419635]
 [    0.4216848      0.00112589     1.32444334     0.61333585]
 [   -0.26488677 -1025.02961131  -754.69379677    -0.52924222]
 [    0.33836278 -3440.56205008 -2568.39862865     0.5613265 ]
 [   -0.47396919    -0.02346634    -0.47396919    -0.02346634]
 [   -0.58442515    -0.57589489    -0.58442515    -0.57589489]
 [    0.48223948 -2200.91392606 -1648.54252252     0.60855752]
 [    0.33107355 -2089.26057175 -1556.82957242     0.28702402]
 [   -0.50980347    -0.50740242    -0.50980347    -0.50740242]
 [   -0.15460052     0.03157697     0.57160954     0.03157697]
 [   -0.36798739    -0.61111099    -0.36798739    -0.61111099]
 [   -0.26260474     0.11659053    -0.26260474     0.11659053]
 [   -0.45267498    -0.52360988    -0.18577837    -0.52360988]
 [    0.52545804  -939.75186043  -708.34782976     0.46553168]
 [    0.47606575 -2008.57541287 -1502.74975432     0.63537401]
 [   -0.49299982    -0.30910513    -0.49299982    -0.30910513]
 [    0.58838826 -3665.3023613  -2735.85502555     0.56742907]
 [    0.62204927 -1216.5823392   -911.10014739     0.64707047]
 [    0.11523482    -0.54645104     0.34045664    -0.0296816 ]
 [    0.30727082    -3.60641272    -1.58689116     0.06090688]
 [    0.49542487  -164.95206086  -126.67802199     0.6723721 ]
 [    0.01662781 -1125.50678225  -842.70708889    -0.07643172]
 [    0.05909078  -775.74075937  -585.3242407     -0.20803501]
 [    0.40837067  -963.80913122  -727.01158253     0.61211628]
 [    0.48718655 -3677.40561106 -2743.57912694     0.54400355]
 [   -0.56932425    -0.6282317     -0.35738171    -0.6282317 ]
 [    0.53545886     0.18616967     0.53545886     0.18616967]
 [    0.32281348 -1864.28392407 -1393.54967925     0.49875414]
 [    0.6255694  -1583.83860748 -1180.94040391     0.52026176]
 [   -0.46363422    -0.21698964    -0.46363422    -0.21698964]
 [    0.31868374  -542.62491498  -415.28409894    -0.03358058]
 [   -0.40774465    -0.18266666    -0.40774465    -0.18266666]
 [   -0.46352223    -0.60304445    -0.46352223    -0.60304445]]
====================================================
================bias1 transfer back=================
====================================================
[  -1.12254679   -0.52532017 -158.15726131  136.6697901  -146.90093659
 -117.59532609 -134.91306992   -0.1156636     0.87472758 -123.84898981
    2.41651074   -0.77646822 -142.82765256 -115.96695779 -131.96945194
  140.6505806    -0.81236994    0.94434577  120.98316581  148.34129489
    0.36175935   -1.22098648  127.84008366   -1.20916383 -112.83611384
   -1.05717587 -157.4446735     3.56876126    0.6316459     0.83684281
  120.13938051   -1.21597954    0.89260058  103.77366101 -117.91003256
   -0.57022655   -0.85416251 -140.74161259  -78.09722123   -0.90631437
   -0.07056468   -0.87157708   -0.24812706   -1.27989111 -125.26550647
 -144.03751209   -0.68659574 -147.19713923 -162.49020816   -0.13776123
   -0.68258819 -151.36726156    8.95387293   22.97766088 -132.66233125
 -132.20426884   -1.17350498    0.67113632 -107.02940547 -144.73026847
   -0.5643068   -30.9225332    -0.68870318   -1.01882982]
====================================================
================bias2 transfer back=================
====================================================
[   0.46203604 -142.32745998 -113.21038589    0.1       ]
z1: [[     -0.27928954      -1.33266073   10210.88923638 ...    1921.42010277
       -0.99602675      -1.14561958]
 [     -0.74909944      -2.30119866   -2116.46677833 ...    -402.69877547
       -2.00105584      -1.3869772 ]
 [     -1.21890935      -3.26973659  -14443.82279303 ...   -2726.81765372
       -3.00608492      -1.62833483]
 ...
 [     -6.3868183      -13.92365378 -150044.73895477 ...  -28292.1253144
      -14.06140482      -4.2832687 ]
 [     -6.8566282      -14.89219171 -162372.09496947 ...  -30616.24419264
      -15.06643391      -4.52462632]
 [     -7.32643811     -15.86072963 -174699.45098418 ...  -32940.36307088
      -16.07146299      -4.76598395]]
a1: [[    0.             0.         10210.88923638 ...  1921.42010277
      0.             0.        ]
 [    0.             0.             0.         ...     0.
      0.             0.        ]
 [    0.             0.             0.         ...     0.
      0.             0.        ]
 ...
 [    0.             0.             0.         ...     0.
      0.             0.        ]
 [    0.             0.             0.         ...     0.
      0.             0.        ]
 [    0.             0.             0.         ...     0.
      0.             0.        ]]
out1.shape: (16, 64)
z1_targ: [[    -1.12254679     -0.52532017   -158.15726131 ...    -30.9225332
      -0.68870318     -1.01882982]
 [    -1.23999927     -0.76745465  -3239.99626498 ...   -611.95225276
      -0.93996045     -1.07916923]
 [    -1.35745174     -1.00958914  -6321.83526866 ...  -1192.98197232
      -1.19121772     -1.13950863]
 ...
 [    -2.64942898     -3.67306843 -40222.06430909 ...  -7584.30888749
      -3.9550477      -1.8032421 ]
 [    -2.76688146     -3.91520292 -43303.90331277 ...  -8165.33860705
      -4.20630497     -1.86358151]
 [    -2.88433393     -4.1573374  -46385.74231645 ...  -8746.36832661
      -4.45756224     -1.92392091]]
a1_targ: [[0. 0. 0. ... 0. 0. 0.]
 [0. 0. 0. ... 0. 0. 0.]
 [0. 0. 0. ... 0. 0. 0.]
 ...
 [0. 0. 0. ... 0. 0. 0.]
 [0. 0. 0. ... 0. 0. 0.]
 [0. 0. 0. ... 0. 0. 0.]]
out1_targ.shape: (16, 64)
z2 (qvals): [[ 9.67422418e+04 -3.93841965e+08 -2.94365400e+08  1.04640413e+05]
 [-5.74298214e+03 -1.05876477e+07 -7.80301259e+06 -6.88534604e+03]
 [-3.93553320e+04 -7.24605467e+07 -5.34016595e+07 -4.72181107e+04]
 [-7.29676032e+04 -1.34333446e+08 -9.90003062e+07 -8.75507922e+04]
 [-1.06580109e+05 -1.96206345e+08 -1.44598953e+08 -1.27883737e+05]
 [-1.40192668e+05 -2.58079244e+08 -1.90197600e+08 -1.68216742e+05]
 [-1.73805228e+05 -3.19952144e+08 -2.35796247e+08 -2.08549748e+05]
 [-2.07417923e+05 -3.81825043e+08 -2.81394894e+08 -2.48882902e+05]
 [-2.41030665e+05 -4.43697943e+08 -3.26993541e+08 -2.89216109e+05]
 [-2.74643407e+05 -5.05570842e+08 -3.72592188e+08 -3.29549316e+05]
 [-3.08256149e+05 -5.67443742e+08 -4.18190835e+08 -3.69882523e+05]
 [-3.41868953e+05 -6.29316641e+08 -4.63789482e+08 -4.10215806e+05]
 [-3.75481773e+05 -6.91189541e+08 -5.09388129e+08 -4.50549110e+05]
 [-4.09094593e+05 -7.53062441e+08 -5.54986776e+08 -4.90882415e+05]
 [-4.42707413e+05 -8.14935340e+08 -6.00585423e+08 -5.31215719e+05]
 [-4.76320232e+05 -8.76808240e+08 -6.46184070e+08 -5.71549023e+05]]
out2.shape: (16, 4)
z2_targ (q_targ vals): [[-4.20197019e+02 -7.82997534e+05 -5.77100562e+05 -5.03354659e+02]
 [-8.82522763e+03 -1.62512228e+07 -1.19767670e+07 -1.05885946e+04]
 [-1.72285940e+04 -3.17194476e+07 -2.33764294e+07 -2.06720694e+04]
 [-2.56316940e+04 -4.71876724e+07 -3.47760911e+07 -3.07552510e+04]
 [-3.40347940e+04 -6.26558972e+07 -4.61757528e+07 -4.08384326e+04]
 [-4.24378939e+04 -7.81241219e+07 -5.75754145e+07 -5.09216141e+04]
 [-5.08409939e+04 -9.35923467e+07 -6.89750762e+07 -6.10047957e+04]
 [-5.92440939e+04 -1.09060571e+08 -8.03747379e+07 -7.10879773e+04]
 [-6.76471939e+04 -1.24528796e+08 -9.17743996e+07 -8.11711588e+04]
 [-7.60503323e+04 -1.39997021e+08 -1.03174061e+08 -9.12543836e+04]
 [-8.44535045e+04 -1.55465246e+08 -1.14573723e+08 -1.01337646e+05]
 [-9.28566766e+04 -1.70933471e+08 -1.25973385e+08 -1.11420909e+05]
 [-1.01259822e+05 -1.86401696e+08 -1.37373047e+08 -1.21504162e+05]
 [-1.09662962e+05 -2.01869920e+08 -1.48772708e+08 -1.31587414e+05]
 [-1.18066102e+05 -2.17338145e+08 -1.60172370e+08 -1.41670665e+05]
 [-1.26469258e+05 -2.32806370e+08 -1.71572032e+08 -1.51753934e+05]]
out2_targ.shape: (16, 4)
rs: [1. 1. 1. 1. 1. 1. 1. 1. 1. 1. 1. 1. 1. 1. 1. 1.]
acts: [2. 1. 2. 1. 2. 1. 2. 1. 2. 1. 2. 1. 2. 1. 2. 1.]
qtargets: [[-4.20197019e+02 -7.82997534e+05 -5.77100562e+05 -5.03354659e+02]
 [-8.82522763e+03 -1.62512228e+07 -1.19767670e+07 -1.05885946e+04]
 [-1.72285940e+04 -3.17194476e+07 -2.33764294e+07 -2.06720694e+04]
 [-2.56316940e+04 -4.71876724e+07 -3.47760911e+07 -3.07552510e+04]
 [-3.40347940e+04 -6.26558972e+07 -4.61757528e+07 -4.08384326e+04]
 [-4.24378939e+04 -7.81241219e+07 -5.75754145e+07 -5.09216141e+04]
 [-5.08409939e+04 -9.35923467e+07 -6.89750762e+07 -6.10047957e+04]
 [-5.92440939e+04 -1.09060571e+08 -8.03747379e+07 -7.10879773e+04]
 [-6.76471939e+04 -1.24528796e+08 -9.17743996e+07 -8.11711588e+04]
 [-7.60503323e+04 -1.39997021e+08 -1.03174061e+08 -9.12543836e+04]
 [-8.44535045e+04 -1.55465246e+08 -1.14573723e+08 -1.01337646e+05]
 [-9.28566766e+04 -1.70933471e+08 -1.25973385e+08 -1.11420909e+05]
 [-1.01259822e+05 -1.86401696e+08 -1.37373047e+08 -1.21504162e+05]
 [-1.09662962e+05 -2.01869920e+08 -1.48772708e+08 -1.31587414e+05]
 [-1.18066102e+05 -2.17338145e+08 -1.60172370e+08 -1.41670665e+05]
 [-1.26469258e+05 -2.32806370e+08 -1.71572032e+08 -1.51753934e+05]]
argmaxqt: [0. 0. 0. 0. 0. 0. 0. 0. 0. 0. 0. 0. 0. 0. 0. 0.]
delt2: [[ 0.00000000e+00  0.00000000e+00 -5.88730802e+08  0.00000000e+00]
 [ 0.00000000e+00 -2.11752973e+07  0.00000000e+00  0.00000000e+00]
 [ 0.00000000e+00  0.00000000e+00 -1.06803321e+08  0.00000000e+00]
 [ 0.00000000e+00 -2.68666893e+08  0.00000000e+00  0.00000000e+00]
 [ 0.00000000e+00  0.00000000e+00 -2.89197908e+08  0.00000000e+00]
 [ 0.00000000e+00 -5.16158491e+08  0.00000000e+00  0.00000000e+00]
 [ 0.00000000e+00  0.00000000e+00 -4.71592496e+08  0.00000000e+00]
 [ 0.00000000e+00 -7.63650088e+08  0.00000000e+00  0.00000000e+00]
 [ 0.00000000e+00  0.00000000e+00 -6.53987084e+08  0.00000000e+00]
 [ 0.00000000e+00 -1.01114169e+09  0.00000000e+00  0.00000000e+00]
 [ 0.00000000e+00  0.00000000e+00 -8.36381672e+08  0.00000000e+00]
 [ 0.00000000e+00 -1.25863328e+09  0.00000000e+00  0.00000000e+00]
 [ 0.00000000e+00  0.00000000e+00 -1.01877626e+09  0.00000000e+00]
 [ 0.00000000e+00 -1.50612488e+09  0.00000000e+00  0.00000000e+00]
 [ 0.00000000e+00  0.00000000e+00 -1.20117085e+09  0.00000000e+00]
 [ 0.00000000e+00 -1.75361648e+09  0.00000000e+00  0.00000000e+00]]
delt1 shape: (16, 64) delt2 shape: (16, 4)
delt1 before z1:
[[ 2.76092190e+08  2.22740205e+08  1.55359132e+12 ...  2.44490541e+11
   2.40051833e+08  2.72889812e+08]
 [ 1.00944190e+07 -4.83640729e+05  7.48788755e+10 ...  1.14902439e+10
   3.86802082e+06  1.27696455e+07]
 [ 5.00866655e+07  4.04079309e+07  2.81841399e+11 ...  4.43537210e+10
   4.35484824e+07  4.95057131e+07]
 ...
 [ 7.17980741e+08 -3.43996746e+07  5.32587269e+12 ...  8.17260887e+11
   2.75118801e+08  9.08260252e+08]
 [ 5.63303106e+08  4.54450556e+08  3.16974855e+12 ...  4.98827153e+11
   4.89770982e+08  5.56769385e+08]
 [ 8.35961795e+08 -4.00523469e+07  6.20103833e+12 ...  9.51555994e+11
   3.20327265e+08  1.05750869e+09]]
delt1 after z1:
[[0.00000000e+00 0.00000000e+00 1.55359132e+12 ... 2.44490541e+11
  0.00000000e+00 0.00000000e+00]
 [0.00000000e+00 0.00000000e+00 0.00000000e+00 ... 0.00000000e+00
  0.00000000e+00 0.00000000e+00]
 [0.00000000e+00 0.00000000e+00 0.00000000e+00 ... 0.00000000e+00
  0.00000000e+00 0.00000000e+00]
 ...
 [0.00000000e+00 0.00000000e+00 0.00000000e+00 ... 0.00000000e+00
  0.00000000e+00 0.00000000e+00]
 [0.00000000e+00 0.00000000e+00 0.00000000e+00 ... 0.00000000e+00
  0.00000000e+00 0.00000000e+00]
 [0.00000000e+00 0.00000000e+00 0.00000000e+00 ... 0.00000000e+00
  0.00000000e+00 0.00000000e+00]]
wa1 shape: (8, 64) wa2 shape: (64, 4)
wa1:
[[ 0.00000000e+00  0.00000000e+00  0.00000000e+00  1.14554579e+14
   0.00000000e+00  0.00000000e+00  0.00000000e+00  0.00000000e+00
   0.00000000e+00  0.00000000e+00  1.67056441e+12  0.00000000e+00
   0.00000000e+00  0.00000000e+00  0.00000000e+00  1.03299135e+14
   0.00000000e+00  1.53168067e+06  1.19054257e+14  1.30405988e+14
   0.00000000e+00  4.42287858e+10  3.30720007e+13  0.00000000e+00
   0.00000000e+00  0.00000000e+00  0.00000000e+00  1.46985277e+14
   0.00000000e+00  0.00000000e+00  3.33125263e+13  5.92996959e+10
   0.00000000e+00  1.14872369e+14  0.00000000e+00  0.00000000e+00
   0.00000000e+00  0.00000000e+00  0.00000000e+00  0.00000000e+00
   0.00000000e+00  0.00000000e+00  0.00000000e+00  0.00000000e+00
   0.00000000e+00  0.00000000e+00  0.00000000e+00  0.00000000e+00
   0.00000000e+00  0.00000000e+00  0.00000000e+00  0.00000000e+00
   1.26789964e+14  8.75990593e+13  0.00000000e+00  0.00000000e+00
   6.18367088e+10  0.00000000e+00  0.00000000e+00  0.00000000e+00
   0.00000000e+00  0.00000000e+00  0.00000000e+00  0.00000000e+00]
 [ 0.00000000e+00  0.00000000e+00 -3.88397830e+11  1.11878908e+14
  -3.34132714e+11 -2.75143822e+11 -1.68635054e+11  0.00000000e+00
   1.33375925e+08 -1.14036914e+11  1.63143783e+12  0.00000000e+00
  -2.95530732e+11 -1.49898707e+11 -4.05426107e+11  1.00886361e+14
   0.00000000e+00  2.25790425e+08  1.16273632e+14  1.27360164e+14
   7.08623406e+07  4.33909703e+10  3.22996359e+13  0.00000000e+00
  -5.69505809e+10  0.00000000e+00 -1.80014979e+11  1.43551746e+14
   1.45867654e+08  2.06561651e+08  3.25348060e+13  5.79557872e+10
   1.94935147e+08  1.12189425e+14 -3.78023846e+11  0.00000000e+00
   0.00000000e+00 -2.42636940e+11 -2.29138381e+11  0.00000000e+00
   8.41310364e+07  0.00000000e+00  0.00000000e+00  0.00000000e+00
  -1.04256547e+11 -2.21178767e+11  0.00000000e+00 -4.02670531e+11
  -1.34098180e+11  5.01093275e+07 -2.33562926e+08 -1.86448134e+10
   1.23827965e+14  8.55523906e+13 -1.07003528e+11 -4.03807385e+11
   6.05168174e+10  0.00000000e+00 -2.05106405e+11 -1.73813998e+11
   0.00000000e+00 -6.11226352e+10  0.00000000e+00  0.00000000e+00]
 [ 0.00000000e+00  0.00000000e+00 -7.76795661e+11  1.09203236e+14
  -6.68265428e+11 -5.50287645e+11 -3.37270108e+11  0.00000000e+00
   2.66751850e+08 -2.28073828e+11  1.59231125e+12  0.00000000e+00
  -5.91061464e+11 -2.99797414e+11 -8.10852215e+11  9.84735879e+13
   0.00000000e+00  4.50049170e+08  1.13493007e+14  1.24314339e+14
   1.41724681e+08  4.25531548e+10  3.15272712e+13  0.00000000e+00
  -1.13901162e+11  0.00000000e+00 -3.60029958e+11  1.40118215e+14
   2.91735308e+08  4.13123301e+08  3.17570856e+13  5.66118786e+10
   3.89870294e+08  1.09506481e+14 -7.56047693e+11  0.00000000e+00
   0.00000000e+00 -4.85273881e+11 -4.58276762e+11  0.00000000e+00
   1.68262073e+08  0.00000000e+00  0.00000000e+00  0.00000000e+00
  -2.08513093e+11 -4.42357534e+11  0.00000000e+00 -8.05341062e+11
  -2.68196360e+11  1.00218655e+08 -4.67125852e+08 -3.72896268e+10
   1.20865965e+14  8.35057219e+13 -2.14007056e+11 -8.07614770e+11
   5.91969260e+10  0.00000000e+00 -4.10212810e+11 -3.47627996e+11
   0.00000000e+00 -1.22245270e+11  0.00000000e+00  0.00000000e+00]
 [ 0.00000000e+00  0.00000000e+00 -1.16519349e+12  1.06527565e+14
  -1.00239814e+12 -8.25431467e+11 -5.05905162e+11  0.00000000e+00
   4.00127774e+08 -3.42110742e+11  1.55318467e+12  0.00000000e+00
  -8.86592196e+11 -4.49696121e+11 -1.21627832e+12  9.60608144e+13
   0.00000000e+00  6.74307914e+08  1.10712382e+14  1.21268515e+14
   2.12587022e+08  4.17153393e+10  3.07549064e+13  0.00000000e+00
  -1.70851743e+11  0.00000000e+00 -5.40044936e+11  1.36684684e+14
   4.37602962e+08  6.19684952e+08  3.09793652e+13  5.52679699e+10
   5.84805441e+08  1.06823537e+14 -1.13407154e+12  0.00000000e+00
   0.00000000e+00 -7.27910821e+11 -6.87415142e+11  0.00000000e+00
   2.52393109e+08  0.00000000e+00  0.00000000e+00  0.00000000e+00
  -3.12769640e+11 -6.63536301e+11  0.00000000e+00 -1.20801159e+12
  -4.02294541e+11  1.50327982e+08 -7.00688778e+08 -5.59344401e+10
   1.17903966e+14  8.14590532e+13 -3.21010584e+11 -1.21142216e+12
   5.78770345e+10  0.00000000e+00 -6.15319215e+11 -5.21441994e+11
   0.00000000e+00 -1.83367906e+11  0.00000000e+00  0.00000000e+00]
 [ 0.00000000e+00  0.00000000e+00 -1.55359132e+12  1.03851893e+14
  -1.33653086e+12 -1.10057529e+12 -6.74540217e+11  0.00000000e+00
   5.33503699e+08 -4.56147656e+11  1.51405809e+12  0.00000000e+00
  -1.18212293e+12 -5.99594828e+11 -1.62170443e+12  9.36480409e+13
   0.00000000e+00  8.98566659e+08  1.07931756e+14  1.18222691e+14
   2.83449362e+08  4.08775238e+10  2.99825416e+13  0.00000000e+00
  -2.27802324e+11  0.00000000e+00 -7.20059915e+11  1.33251154e+14
   5.83470616e+08  8.26246602e+08  3.02016448e+13  5.39240612e+10
   7.79740588e+08  1.04140593e+14 -1.51209539e+12  0.00000000e+00
   0.00000000e+00 -9.70547762e+11 -9.16553523e+11  0.00000000e+00
   3.36524146e+08  0.00000000e+00  0.00000000e+00  0.00000000e+00
  -4.17026186e+11 -8.84715068e+11  0.00000000e+00 -1.61068212e+12
  -5.36392721e+11  2.00437310e+08 -9.34251704e+08 -7.45792535e+10
   1.14941967e+14  7.94123846e+13 -4.28014112e+11 -1.61522954e+12
   5.65571431e+10  0.00000000e+00 -8.20425621e+11 -6.95255991e+11
   0.00000000e+00 -2.44490541e+11  0.00000000e+00  0.00000000e+00]
 [ 0.00000000e+00  0.00000000e+00 -1.94198915e+12  1.01176222e+14
  -1.67066357e+12 -1.37571911e+12 -8.43175271e+11  0.00000000e+00
   6.66879624e+08 -5.70184570e+11  1.47493151e+12  0.00000000e+00
  -1.47765366e+12 -7.49493535e+11 -2.02713054e+12  9.12352674e+13
   0.00000000e+00  1.12282540e+09  1.05151131e+14  1.15176867e+14
   3.54311703e+08  4.00397084e+10  2.92101769e+13  0.00000000e+00
  -2.84752905e+11  0.00000000e+00 -9.00074894e+11  1.29817623e+14
   7.29338271e+08  1.03280825e+09  2.94239244e+13  5.25801525e+10
   9.74675735e+08  1.01457649e+14 -1.89011923e+12  0.00000000e+00
   0.00000000e+00 -1.21318470e+12 -1.14569190e+12  0.00000000e+00
   4.20655182e+08  0.00000000e+00  0.00000000e+00  0.00000000e+00
  -5.21282733e+11 -1.10589384e+12  0.00000000e+00 -2.01335265e+12
  -6.70490901e+11  2.50546637e+08 -1.16781463e+09 -9.32240669e+10
   1.11979967e+14  7.73657159e+13 -5.35017640e+11 -2.01903693e+12
   5.52372517e+10  0.00000000e+00 -1.02553203e+12 -8.69069989e+11
   0.00000000e+00 -3.05613176e+11  0.00000000e+00  0.00000000e+00]
 [ 0.00000000e+00  0.00000000e+00 -2.33038698e+12  9.85005501e+13
  -2.00479628e+12 -1.65086293e+12 -1.01181032e+12  0.00000000e+00
   8.00255549e+08 -6.84221485e+11  1.43580493e+12  0.00000000e+00
  -1.77318439e+12 -8.99392242e+11 -2.43255664e+12  8.88224938e+13
   0.00000000e+00  1.34708415e+09  1.02370506e+14  1.12131042e+14
   4.25174044e+08  3.92018929e+10  2.84378121e+13  0.00000000e+00
  -3.41703486e+11  0.00000000e+00 -1.08008987e+12  1.26384092e+14
   8.75205925e+08  1.23936990e+09  2.86462040e+13  5.12362439e+10
   1.16961088e+09  9.87747048e+13 -2.26814308e+12  0.00000000e+00
   0.00000000e+00 -1.45582164e+12 -1.37483028e+12  0.00000000e+00
   5.04786218e+08  0.00000000e+00  0.00000000e+00  0.00000000e+00
  -6.25539279e+11 -1.32707260e+12  0.00000000e+00 -2.41602319e+12
  -8.04589081e+11  3.00655965e+08 -1.40137756e+09 -1.11868880e+11
   1.09017968e+14  7.53190472e+13 -6.42021168e+11 -2.42284431e+12
   5.39173603e+10  0.00000000e+00 -1.23063843e+12 -1.04288399e+12
   0.00000000e+00 -3.66735811e+11  0.00000000e+00  0.00000000e+00]
 [ 0.00000000e+00  0.00000000e+00 -2.71878481e+12  9.58248785e+13
  -2.33892900e+12 -1.92600676e+12 -1.18044538e+12  0.00000000e+00
   9.33631474e+08 -7.98258399e+11  1.39667835e+12  0.00000000e+00
  -2.06871512e+12 -1.04929095e+12 -2.83798275e+12  8.64097203e+13
   0.00000000e+00  1.57134289e+09  9.95898812e+13  1.09085218e+14
   4.96036384e+08  3.83640774e+10  2.76654473e+13  0.00000000e+00
  -3.98654066e+11  0.00000000e+00 -1.26010485e+12  1.22950561e+14
   1.02107358e+09  1.44593155e+09  2.78684837e+13  4.98923352e+10
   1.36454603e+09  9.60917607e+13 -2.64616692e+12  0.00000000e+00
   0.00000000e+00 -1.69845858e+12 -1.60396867e+12  0.00000000e+00
   5.88917255e+08  0.00000000e+00  0.00000000e+00  0.00000000e+00
  -7.29795826e+11 -1.54825137e+12  0.00000000e+00 -2.81869372e+12
  -9.38687261e+11  3.50765292e+08 -1.63494048e+09 -1.30513694e+11
   1.06055968e+14  7.32723785e+13 -7.49024696e+11 -2.82665170e+12
   5.25974689e+10  0.00000000e+00 -1.43574484e+12 -1.21669798e+12
   0.00000000e+00 -4.27858446e+11  0.00000000e+00  0.00000000e+00]]
wa2:
[[ 0.00000000e+00  0.00000000e+00  0.00000000e+00  0.00000000e+00]
 [ 0.00000000e+00  0.00000000e+00  0.00000000e+00  0.00000000e+00]
 [ 0.00000000e+00  0.00000000e+00 -6.01146501e+12  0.00000000e+00]
 [ 0.00000000e+00 -7.73523494e+14 -4.64371978e+14  0.00000000e+00]
 [ 0.00000000e+00  0.00000000e+00 -5.56633141e+12  0.00000000e+00]
 [ 0.00000000e+00  0.00000000e+00 -4.49939753e+12  0.00000000e+00]
 [ 0.00000000e+00  0.00000000e+00 -5.17830410e+12  0.00000000e+00]
 [ 0.00000000e+00  0.00000000e+00  0.00000000e+00  0.00000000e+00]
 [ 0.00000000e+00  0.00000000e+00 -1.53437011e+09  0.00000000e+00]
 [ 0.00000000e+00  0.00000000e+00 -4.67837649e+12  0.00000000e+00]
 [ 0.00000000e+00 -1.22741586e+13 -7.36895384e+12  0.00000000e+00]
 [ 0.00000000e+00  0.00000000e+00  0.00000000e+00  0.00000000e+00]
 [ 0.00000000e+00  0.00000000e+00 -5.41804348e+12  0.00000000e+00]
 [ 0.00000000e+00  0.00000000e+00 -4.47858894e+12  0.00000000e+00]
 [ 0.00000000e+00  0.00000000e+00 -5.03129470e+12  0.00000000e+00]
 [ 0.00000000e+00 -7.84871811e+14 -4.71186645e+14  0.00000000e+00]
 [ 0.00000000e+00  0.00000000e+00  0.00000000e+00  0.00000000e+00]
 [ 0.00000000e+00 -3.65369073e+06 -2.05556062e+09  0.00000000e+00]
 [ 0.00000000e+00 -6.83667319e+14 -4.10428135e+14  0.00000000e+00]
 [ 0.00000000e+00 -8.43737960e+14 -5.06522979e+14  0.00000000e+00]
 [ 0.00000000e+00  0.00000000e+00 -8.85858444e+08  0.00000000e+00]
 [ 0.00000000e+00 -2.11499844e+09 -9.91854967e+08  0.00000000e+00]
 [ 0.00000000e+00 -7.38488157e+14 -4.43335990e+14  0.00000000e+00]
 [ 0.00000000e+00  0.00000000e+00  0.00000000e+00  0.00000000e+00]
 [ 0.00000000e+00  0.00000000e+00 -4.31042225e+12  0.00000000e+00]
 [ 0.00000000e+00  0.00000000e+00  0.00000000e+00  0.00000000e+00]
 [ 0.00000000e+00  0.00000000e+00 -5.93255773e+12  0.00000000e+00]
 [ 0.00000000e+00 -1.01307062e+13 -6.08389635e+12  0.00000000e+00]
 [ 0.00000000e+00  0.00000000e+00 -1.36309489e+09  0.00000000e+00]
 [ 0.00000000e+00  0.00000000e+00 -1.71563928e+09  0.00000000e+00]
 [ 0.00000000e+00 -7.11430961e+14 -4.27089312e+14  0.00000000e+00]
 [ 0.00000000e+00 -3.16218090e+10 -1.85945916e+10  0.00000000e+00]
 [ 0.00000000e+00  0.00000000e+00 -1.60452556e+09  0.00000000e+00]
 [ 0.00000000e+00 -5.93411567e+14 -3.56243339e+14  0.00000000e+00]
 [ 0.00000000e+00  0.00000000e+00 -4.52288496e+12  0.00000000e+00]
 [ 0.00000000e+00  0.00000000e+00  0.00000000e+00  0.00000000e+00]
 [ 0.00000000e+00  0.00000000e+00  0.00000000e+00  0.00000000e+00]
 [ 0.00000000e+00  0.00000000e+00 -5.38103307e+12  0.00000000e+00]
 [ 0.00000000e+00  0.00000000e+00 -2.96537781e+12  0.00000000e+00]
 [ 0.00000000e+00  0.00000000e+00  0.00000000e+00  0.00000000e+00]
 [ 0.00000000e+00  0.00000000e+00 -5.60436766e+08  0.00000000e+00]
 [ 0.00000000e+00  0.00000000e+00  0.00000000e+00  0.00000000e+00]
 [ 0.00000000e+00  0.00000000e+00  0.00000000e+00  0.00000000e+00]
 [ 0.00000000e+00  0.00000000e+00  0.00000000e+00  0.00000000e+00]
 [ 0.00000000e+00  0.00000000e+00 -4.76490066e+12  0.00000000e+00]
 [ 0.00000000e+00  0.00000000e+00 -5.50471320e+12  0.00000000e+00]
 [ 0.00000000e+00  0.00000000e+00  0.00000000e+00  0.00000000e+00]
 [ 0.00000000e+00  0.00000000e+00 -5.58973220e+12  0.00000000e+00]
 [ 0.00000000e+00  0.00000000e+00 -6.17309305e+12  0.00000000e+00]
 [ 0.00000000e+00  0.00000000e+00 -1.98342616e+09  0.00000000e+00]
 [ 0.00000000e+00  0.00000000e+00 -6.39012921e+09  0.00000000e+00]
 [ 0.00000000e+00  0.00000000e+00 -5.79242977e+12  0.00000000e+00]
 [ 0.00000000e+00 -5.24032961e+13 -3.14592804e+13  0.00000000e+00]
 [ 0.00000000e+00 -1.34082398e+14 -8.04934783e+13  0.00000000e+00]
 [ 0.00000000e+00  0.00000000e+00 -5.09718644e+12  0.00000000e+00]
 [ 0.00000000e+00  0.00000000e+00 -5.04107579e+12  0.00000000e+00]
 [ 0.00000000e+00 -1.11346772e+10 -6.21425879e+09  0.00000000e+00]
 [ 0.00000000e+00  0.00000000e+00  0.00000000e+00  0.00000000e+00]
 [ 0.00000000e+00  0.00000000e+00 -4.11071394e+12  0.00000000e+00]
 [ 0.00000000e+00  0.00000000e+00 -5.48105817e+12  0.00000000e+00]
 [ 0.00000000e+00  0.00000000e+00  0.00000000e+00  0.00000000e+00]
 [ 0.00000000e+00  0.00000000e+00 -1.13119920e+12  0.00000000e+00]
 [ 0.00000000e+00  0.00000000e+00  0.00000000e+00  0.00000000e+00]
 [ 0.00000000e+00  0.00000000e+00  0.00000000e+00  0.00000000e+00]]
TDs:
[-2.94365401e+08 -1.05876487e+07 -5.34016605e+07 -1.34333447e+08
 -1.44598954e+08 -2.58079245e+08 -2.35796248e+08 -3.81825044e+08
 -3.26993542e+08 -5.05570843e+08 -4.18190836e+08 -6.29316642e+08
 -5.09388130e+08 -7.53062442e+08 -6.00585424e+08 -8.76808241e+08]
Qs
[-2.94365400e+08 -1.05876477e+07 -5.34016595e+07 -1.34333446e+08
 -1.44598953e+08 -2.58079244e+08 -2.35796247e+08 -3.81825043e+08
 -3.26993541e+08 -5.05570842e+08 -4.18190835e+08 -6.29316641e+08
 -5.09388129e+08 -7.53062441e+08 -6.00585423e+08 -8.76808240e+08]
=================================================
================W1 transfer back=================
=================================================
[[ 9.91544053e-02 -8.30990970e-01 -1.68017538e+03 -1.14554579e+13
  -1.55595538e+03 -1.25690349e+03 -1.44581744e+03 -2.87942708e-01
  -7.39142269e-01 -1.30822445e+03 -1.67056441e+11  2.02774629e-01
  -1.51491057e+03 -1.24886443e+03 -1.40639029e+03 -1.03299135e+13
   3.14521670e-01 -1.53168761e+05 -1.19054257e+13 -1.30405988e+13
  -3.95137221e-01 -4.42287858e+09 -3.30720007e+12  1.32873878e-01
  -1.20391678e+03  1.92512020e-01 -1.66076482e+03 -1.46985277e+13
  -6.83337091e-01 -4.38260100e-01 -3.33125263e+12 -5.92996959e+09
  -7.38374744e-01 -1.14872369e+13 -1.26282171e+03 -1.31707683e-01
   2.55049556e-01 -1.50291964e+03 -8.29359974e+02  1.03381962e-01
   2.03941286e-01  3.19448560e-01 -2.80207723e-01  7.64455721e-02
  -1.33168530e+03 -1.53766878e+03 -4.48120654e-01 -1.56247951e+03
  -1.72532579e+03 -2.80033637e-01 -2.59485958e+00 -1.61778333e+03
  -1.26789964e+13 -8.75990593e+12 -1.42272763e+03 -1.40875914e+03
  -6.18367088e+09 -4.96404499e-01 -1.14813469e+03 -1.53319697e+03
  -2.49250188e-01 -3.17777563e+02 -6.66894197e-01 -3.92312378e-01]
 [ 2.94024825e-01 -9.12425876e-01  3.88397814e+10 -1.11878908e+13
   3.34132699e+10  2.75143810e+10  1.68635040e+10 -7.29080379e-01
  -1.33375932e+07  1.14036901e+10 -1.63143783e+11 -1.07243620e-01
   2.95530717e+10  1.49898695e+10  4.05426094e+10 -1.00886361e+13
  -1.16926320e-01 -2.25790428e+07 -1.16273632e+13 -1.27360164e+13
  -7.08623424e+06 -4.33909703e+09 -3.22996359e+12 -4.83018239e-01
   5.69505692e+09 -1.99236318e-01  1.80014963e+10 -1.43551746e+13
  -1.45867659e+07 -2.06561657e+07 -3.25348059e+12 -5.79557872e+09
  -1.94935150e+07 -1.12189425e+13  3.78023834e+10 -9.34025347e-01
   1.97511971e-01  2.42636926e+10  2.29138373e+10 -3.64099860e-01
  -8.41310426e+06 -2.89741606e-01 -6.27458096e-01 -2.26271963e-01
   1.04256534e+10  2.21178752e+10 -2.31459871e-01  4.02670516e+10
   1.34098163e+10 -5.01093314e+06  2.33562906e+07  1.86447976e+09
  -1.23827965e+13 -8.55523906e+12  1.07003514e+10  4.03807371e+10
  -6.05168174e+09 -3.90778035e-01  2.05106394e+10  1.73813983e+10
  -7.97204792e-01  6.11226321e+09 -8.02964985e-01  2.31371969e-01]
 [-3.73523116e-01  2.81798720e-01  7.76795645e+10 -1.09203236e+13
   6.68265413e+10  5.50287633e+10  3.37270095e+10  4.97390062e-01
  -2.66751852e+07  2.28073816e+10 -1.59231125e+11 -5.49753785e-01
   5.91061450e+10  2.99797402e+10  8.10852201e+10 -9.84735879e+12
  -4.39308494e-01 -4.50049175e+07 -1.13493007e+13 -1.24314339e+13
  -1.41724685e+07 -4.25531548e+09 -3.15272712e+12  2.88602865e-01
   1.13901150e+10  1.08134188e-01  3.60029942e+10 -1.40118215e+13
  -2.91735312e+07 -4.13123305e+07 -3.17570856e+12 -5.66118786e+09
  -3.89870298e+07 -1.09506481e+13  7.56047681e+10  4.27109748e-01
  -3.43844891e-01  4.85273867e+10  4.58276754e+10  2.52933949e-01
  -1.68262076e+07 -2.02171385e-01  3.12276095e-01 -3.43285781e-01
   2.08513080e+10  4.42357520e+10 -3.80502850e-01  8.05341047e+10
   2.68196344e+10 -1.00218665e+07  4.67125826e+07  3.72896113e+09
  -1.20865965e+13 -8.35057219e+12  2.14007043e+10  8.07614757e+10
  -5.91969260e+09  1.88690752e-01  4.10212799e+10  3.47627981e+10
  -1.74684480e-01  1.22245267e+10  4.79392707e-01 -1.42780378e-01]
 [-2.54561067e-01  9.77349162e-01  1.16519348e+11 -1.06527565e+13
   1.00239813e+11  8.25431455e+10  5.05905149e+10  4.63273466e-01
  -4.00127773e+07  3.42110730e+10 -1.55318467e+11  1.74503952e-01
   8.86592182e+10  4.49696110e+10  1.21627831e+11 -9.60608144e+12
   2.17635870e-01 -6.74307919e+07 -1.10712381e+13 -1.21268515e+13
  -2.12587019e+07 -4.17153393e+09 -3.07549064e+12 -2.80301241e-01
   1.70851732e+10 -1.05812170e-01  5.40044921e+10 -1.36684684e+13
  -4.37602964e+07 -6.19684956e+07 -3.09793652e+12 -5.52679699e+09
  -5.84805446e+07 -1.06823537e+13  1.13407153e+11  6.36231959e-01
  -1.97312504e-01  7.27910807e+10  6.87415135e+10 -1.86108634e-01
  -2.52393110e+07  1.22746073e-01  4.81646448e-01 -2.72670260e-02
   3.12769627e+10  6.63536287e+10  7.81715930e-01  1.20801158e+11
   4.02294524e+10 -1.50327991e+07  7.00688750e+07  5.59344251e+09
  -1.17903966e+13 -8.14590532e+12  3.21010571e+10  1.21142214e+11
  -5.78770345e+09  5.78322172e-01  6.15319205e+10  5.21441979e+10
   7.02787757e-01  1.83367903e+10  4.87951934e-01  1.83041975e-01]
 [ 9.91544053e-02 -8.30990970e-01  1.55359131e+11 -1.03851893e+13
   1.33653084e+11  1.10057528e+11  6.74540203e+10 -2.87942708e-01
  -5.33503706e+07  4.56147645e+10 -1.51405809e+11  2.02774629e-01
   1.18212291e+11  5.99594817e+10  1.62170442e+11 -9.36480409e+12
   3.14521670e-01 -8.98566665e+07 -1.07931756e+13 -1.18222691e+13
  -2.83449367e+07 -4.08775238e+09 -2.99825416e+12  3.15564183e-01
   2.27802313e+10  1.92512020e-01  7.20059900e+10 -1.33251154e+13
  -5.83470622e+07 -8.26246604e+07 -3.02016448e+12 -5.39240612e+09
  -7.79740593e+07 -1.04140593e+13  1.51209537e+11 -1.31707683e-01
   2.55049556e-01  9.70547748e+10  9.16553516e+10  1.03381962e-01
  -3.36524143e+07  3.19448560e-01 -2.80207723e-01  2.78694719e-01
   4.17026174e+10  8.84715054e+10 -4.48120654e-01  1.61068211e+11
   5.36392705e+10 -2.00437310e+07  9.34251690e+07  7.45792389e+09
  -1.14941967e+13 -7.94123846e+12  4.28014099e+10  1.61522953e+11
  -5.65571431e+09 -4.96404499e-01  8.20425610e+10  6.95255978e+10
  -2.49250188e-01  2.44490538e+10 -6.66894197e-01 -3.92312378e-01]
 [ 2.94024825e-01 -9.12425876e-01  1.94198914e+11 -1.01176222e+13
   1.67066356e+11  1.37571910e+11  8.43175258e+10 -7.29080379e-01
  -6.66879631e+07  5.70184559e+10 -1.47493151e+11 -1.07243620e-01
   1.47765365e+11  7.49493524e+10  2.02713052e+11 -9.12352673e+12
  -1.16926320e-01 -1.12282541e+08 -1.05151131e+13 -1.15176867e+13
  -3.54311706e+07 -4.00397084e+09 -2.92101769e+12 -3.00327934e-01
   2.84752894e+10 -1.99236318e-01  9.00074879e+10 -1.29817623e+13
  -7.29338274e+07 -1.03280826e+08 -2.94239244e+12 -5.25801525e+09
  -9.74675736e+07 -1.01457649e+13  1.89011922e+11 -9.34025347e-01
   1.97511971e-01  1.21318469e+11  1.14569190e+11 -3.64099860e-01
  -4.20655187e+07 -2.89741606e-01 -6.27458096e-01 -2.40228160e-02
   5.21282721e+10  1.10589382e+11 -2.31459871e-01  2.01335264e+11
   6.70490886e+10 -2.50546639e+07  1.16781462e+08  9.32240526e+09
  -1.11979967e+13 -7.73657159e+12  5.35017628e+10  2.01903691e+11
  -5.52372517e+09 -3.90778035e-01  1.02553202e+11  8.69069976e+10
  -7.97204792e-01  3.05613173e+10 -8.02964985e-01  2.31371969e-01]
 [-3.73523116e-01  2.81798720e-01  2.33038697e+11 -9.85005501e+12
   2.00479627e+11  1.65086292e+11  1.01181031e+11  4.97390062e-01
  -8.00255551e+07  6.84221473e+10 -1.43580493e+11 -5.49753785e-01
   1.77318438e+11  8.99392232e+10  2.43255663e+11 -8.88224938e+12
  -4.39308494e-01 -1.34708415e+08 -1.02370506e+13 -1.12131042e+13
  -4.25174048e+07 -3.92018929e+09 -2.84378121e+12  4.71293170e-01
   3.41703475e+10  1.08134188e-01  1.08008986e+11 -1.26384092e+13
  -8.75205927e+07 -1.23936991e+08 -2.86462040e+12 -5.12362439e+09
  -1.16961088e+08 -9.87747048e+12  2.26814307e+11  4.27109748e-01
  -3.43844891e-01  1.45582163e+11  1.37483028e+11  2.52933949e-01
  -5.04786221e+07 -2.02171385e-01  3.12276095e-01 -1.41036634e-01
   6.25539268e+10  1.32707259e+11 -3.80502850e-01  2.41602317e+11
   8.04589066e+10 -3.00655972e+07  1.40137754e+08  1.11868866e+10
  -1.09017968e+13 -7.53190472e+12  6.42021156e+10  2.42284430e+11
  -5.39173603e+09  1.88690752e-01  1.23063842e+11  1.04288397e+11
  -1.74684480e-01  3.66735808e+10  4.79392707e-01 -1.42780378e-01]
 [-2.54561067e-01  9.77349162e-01  2.71878480e+11 -9.58248785e+12
   2.33892898e+11  1.92600675e+11  1.18044537e+11  4.63273466e-01
  -9.33631472e+07  7.98258388e+10 -1.39667835e+11  1.74503952e-01
   2.06871511e+11  1.04929094e+11  2.83798274e+11 -8.64097203e+12
   2.17635870e-01 -1.57134290e+08 -9.95898812e+12 -1.09085218e+13
  -4.96036382e+07 -3.83640774e+09 -2.76654473e+12 -9.76109362e-02
   3.98654056e+10 -1.05812170e-01  1.26010484e+11 -1.22950561e+13
  -1.02107358e+08 -1.44593156e+08 -2.78684837e+12 -4.98923352e+09
  -1.36454603e+08 -9.60917607e+12  2.64616691e+11  6.36231959e-01
  -1.97312504e-01  1.69845857e+11  1.60396866e+11 -1.86108634e-01
  -5.88917254e+07  1.22746073e-01  4.81646448e-01  1.74982121e-01
   7.29795815e+10  1.54825136e+11  7.81715930e-01  2.81869370e+11
   9.38687247e+10 -3.50765298e+07  1.63494047e+08  1.30513680e+10
  -1.06055968e+13 -7.32723785e+12  7.49024684e+10  2.82665168e+11
  -5.25974689e+09  5.78322172e-01  1.43574483e+11  1.21669797e+11
   7.02787757e-01  4.27858444e+10  4.87951934e-01  1.83041975e-01]]
=================================================
================W2 transfer back=================
=================================================
[[-4.68961686e-01 -4.76707309e-01 -4.68961686e-01 -4.76707309e-01]
 [-3.78339648e-01  2.28398554e-02 -3.78339648e-01  2.28398554e-02]
 [ 6.04047060e-01 -3.53614282e+03  6.01146499e+11  6.31550074e-01]
 [-4.10511464e-01  7.73523494e+13  4.64371978e+13 -6.40481412e-01]
 [ 6.18133366e-01 -3.03663280e+03  5.56633139e+11  5.41078925e-01]
 [ 3.92661840e-01 -2.50247351e+03  4.49939751e+11  5.16766846e-01]
 [ 4.28280771e-01 -1.52866020e+03  5.17830409e+11  6.11973524e-01]
 [-1.01092793e-01  2.11775154e-02 -1.01092793e-01  2.11775154e-02]
 [ 6.87444568e-01  4.62930586e-01  1.53437012e+08  4.75673586e-01]
 [ 6.23039007e-01 -1.03034106e+03  4.67837648e+11  3.77574682e-01]
 [ 1.17356561e-01  1.22741586e+12  7.36895384e+11 -1.18337981e-01]
 [-5.80693066e-01 -6.30471408e-01 -5.80693066e-01 -6.30471408e-01]
 [ 5.84402978e-01 -2.68916598e+03  5.41804346e+11  5.39503634e-01]
 [ 2.51210064e-01 -1.35628650e+03  4.47858893e+11  6.17740989e-01]
 [ 4.93793398e-01 -3.69190026e+03  5.03129467e+11  5.37343264e-01]
 [-6.17601156e-01  7.84871811e+13  4.71186645e+13 -5.00064194e-01]
 [-3.84150654e-01 -5.53949654e-01 -3.84150654e-01 -5.53949654e-01]
 [ 4.55665797e-01  3.65369001e+05  2.05556064e+08  4.82011735e-01]
 [-5.29075623e-01  6.83667319e+13  4.10428135e+13 -4.43438172e-01]
 [-4.96239722e-01  8.43737960e+13  5.06522979e+13 -6.63672507e-01]
 [ 2.01650858e-01  1.14845380e-01  8.85858449e+07  1.14845380e-01]
 [-4.99791324e-01  2.11499844e+08  9.91854965e+07 -6.25532091e-01]
 [-5.09036958e-01  7.38488157e+13  4.43335990e+13 -5.30059278e-01]
 [-4.08898294e-01 -5.85830867e-01 -2.82694097e-01 -5.85830867e-01]
 [ 3.55583429e-01 -5.16690532e+02  4.31042225e+11  5.10261416e-01]
 [-4.65817750e-01 -5.21127105e-01 -4.65817750e-01 -5.21127105e-01]
 [ 8.06533456e-01 -1.64633580e+03  5.93255771e+11  4.67061013e-01]
 [-2.46354401e-01  1.01307062e+12  6.08389634e+11  1.71236813e-01]
 [ 5.91747403e-01  3.78051518e-01  1.36309490e+08  6.26395226e-01]
 [ 4.09043014e-01 -4.94331235e-02  1.71563929e+08  5.92366457e-01]
 [-4.24260408e-01  7.11430961e+13  4.27089312e+13 -5.67176938e-01]
 [-5.02434850e-01  3.16218090e+09  1.85945916e+09 -5.64196348e-01]
 [ 4.21684802e-01  1.12589475e-03  1.60452558e+08  6.13335848e-01]
 [-2.64886767e-01  5.93411567e+13  3.56243339e+13 -5.29242218e-01]
 [ 3.38362783e-01 -3.44056205e+03  4.52288493e+11  5.61326504e-01]
 [-4.73969191e-01 -2.34663412e-02 -4.73969191e-01 -2.34663412e-02]
 [-5.84425151e-01 -5.75894892e-01 -5.84425151e-01 -5.75894892e-01]
 [ 4.82239485e-01 -2.20091393e+03  5.38103305e+11  6.08557522e-01]
 [ 3.31073552e-01 -2.08926057e+03  2.96537780e+11  2.87024021e-01]
 [-5.09803474e-01 -5.07402420e-01 -5.09803474e-01 -5.07402420e-01]
 [-1.54600516e-01  3.15769650e-02  5.60436772e+07  3.15769650e-02]
 [-3.67987394e-01 -6.11110985e-01 -3.67987394e-01 -6.11110985e-01]
 [-2.62604743e-01  1.16590530e-01 -2.62604743e-01  1.16590530e-01]
 [-4.52674985e-01 -5.23609877e-01 -1.85778365e-01 -5.23609877e-01]
 [ 5.25458038e-01 -9.39751860e+02  4.76490065e+11  4.65531677e-01]
 [ 4.76065755e-01 -2.00857541e+03  5.50471318e+11  6.35374010e-01]
 [-4.92999822e-01 -3.09105128e-01 -4.92999822e-01 -3.09105128e-01]
 [ 5.88388264e-01 -3.66530236e+03  5.58973217e+11  5.67429066e-01]
 [ 6.22049272e-01 -1.21658234e+03  6.17309304e+11  6.47070467e-01]
 [ 1.15234822e-01 -5.46451042e-01  1.98342616e+08 -2.96815950e-02]
 [ 3.07270825e-01 -3.60641272e+00  6.39012919e+08  6.09068833e-02]
 [ 4.95424867e-01 -1.64952061e+02  5.79242977e+11  6.72372103e-01]
 [ 1.66278128e-02  5.24032961e+12  3.14592804e+12 -7.64317214e-02]
 [ 5.90907820e-02  1.34082398e+13  8.04934783e+12 -2.08035007e-01]
 [ 4.08370674e-01 -9.63809131e+02  5.09718643e+11  6.12116277e-01]
 [ 4.87186551e-01 -3.67740561e+03  5.04107576e+11  5.44003546e-01]
 [-5.69324255e-01  1.11346772e+09  6.21425879e+08 -6.28231704e-01]
 [ 5.35458863e-01  1.86169669e-01  5.35458863e-01  1.86169669e-01]
 [ 3.22813481e-01 -1.86428392e+03  4.11071393e+11  4.98754144e-01]
 [ 6.25569403e-01 -1.58383861e+03  5.48105816e+11  5.20261765e-01]
 [-4.63634223e-01 -2.16989636e-01 -4.63634223e-01 -2.16989636e-01]
 [ 3.18683743e-01 -5.42624915e+02  1.13119919e+11 -3.35805751e-02]
 [-4.07744646e-01 -1.82666659e-01 -4.07744646e-01 -1.82666659e-01]
 [-4.63522226e-01 -6.03044450e-01 -4.63522226e-01 -6.03044450e-01]]
====================================================
================bias1 transfer back=================
====================================================
[-1.12254679e+00 -5.25320172e-01 -1.55359132e+11 -1.07026862e+12
 -1.33653086e+11 -1.10057529e+11 -6.74540218e+10 -1.15663595e-01
  5.33503708e+07 -4.56147658e+10 -1.56506320e+10 -7.76468217e-01
 -1.18212293e+11 -5.99594829e+10 -1.62170443e+11 -9.65109405e+11
 -8.12369943e-01  8.97034988e+07 -1.11225003e+12 -1.21832972e+12
  2.83449366e+07 -3.35126198e+08 -3.08945906e+11 -1.20916383e+00
 -2.27802325e+10 -1.05717587e+00 -7.20059917e+10 -1.37341236e+12
  5.83470623e+07  8.26246610e+07 -3.11088153e+11 -5.37563470e+08
  7.79740597e+07 -1.07317765e+12 -1.51209539e+11 -5.70226550e-01
 -8.54162514e-01 -9.70547763e+10 -9.16553524e+10 -9.06314373e-01
  3.36524145e+07 -8.71577084e-01 -2.48127058e-01 -1.27989111e+00
 -4.17026187e+10 -8.84715070e+10 -6.86595738e-01 -1.61068213e+11
 -5.36392722e+10  2.00437309e+07 -9.34251711e+07 -7.45792550e+09
 -1.18479976e+12 -8.18667473e+11 -4.28014114e+10 -1.61522954e+11
 -5.27956570e+08  6.71136320e-01 -8.20425622e+10 -6.95255993e+10
 -5.64306796e-01 -2.44490541e+10 -6.88703179e-01 -1.01882982e+00]
====================================================
================bias2 transfer back=================
====================================================
[4.62036043e-01 7.09916568e+08 5.16663926e+08 1.00000000e-01]
