INFO: Found Xilinx Platform
INFO: Loading './top.xclbin'
the size of buff isx

Host: Init replay insert inputs...
flags set
Learners buffers allocated
Replay buffers allocated

From Host: Tree init done.

 Host: priorities to insert:
1.000000 2.000000 3.000000 4.000000 5.000000 6.000000 7.000000 8.000000 9.000000 10.000000 11.000000 12.000000 13.000000 14.000000 15.000000 16.000000 

 Host: indices to insert:
0: 1: 2: 3: 4: 5: 6: 7: 8: 9: 10: 11: 12: 13: 14: 15: 

Sample indices content:
7 12 14 10 13 9 13 14 10 13 14 10 13 14 10 13 
q.finish
====================================================================================

 =================Tree Sampling test without setting seed========================:
====================================================================================

Sample indices content:
14 10 13 14 10 7 4 11 8 12 8 12 8 6 4 2 
q.finish
Host: init input states...

Host: input s content:
0.000000 -0.250000 -0.500000 -0.750000 -1.000000 -1.250000 -1.500000 -1.750000 0.000000 -0.250000 -0.500000 -0.750000 -1.000000 -1.250000 -1.500000 -1.750000 0.000000 -0.250000 -0.500000 -0.750000 -1.000000 -1.250000 -1.500000 -1.750000 0.000000 -0.250000 -0.500000 -0.750000 -1.000000 -1.250000 -1.500000 -1.750000 0.000000 -0.250000 -0.500000 -0.750000 -1.000000 -1.250000 -1.500000 -1.750000 0.000000 -0.250000 -0.500000 -0.750000 -1.000000 -1.250000 -1.500000 -1.750000 0.000000 -0.250000 -0.500000 -0.750000 -1.000000 -1.250000 -1.500000 -1.750000 0.000000 -0.250000 -0.500000 -0.750000 -1.000000 -1.250000 -1.500000 -1.750000 0.000000 -0.250000 -0.500000 -0.750000 -1.000000 -1.250000 -1.500000 -1.750000 0.000000 -0.250000 -0.500000 -0.750000 -1.000000 -1.250000 -1.500000 -1.750000 0.000000 -0.250000 -0.500000 -0.750000 -1.000000 -1.250000 -1.500000 -1.750000 0.000000 -0.250000 -0.500000 -0.750000 -1.000000 -1.250000 -1.500000 -1.750000 0.000000 -0.250000 -0.500000 -0.750000 -1.000000 -1.250000 -1.500000 -1.750000 0.000000 -0.250000 -0.500000 -0.750000 -1.000000 -1.250000 -1.500000 -1.750000 0.000000 -0.250000 -0.500000 -0.750000 -1.000000 -1.250000 -1.500000 -1.750000 0.000000 -0.250000 -0.500000 -0.750000 -1.000000 -1.250000 -1.500000 -1.750000 
Host: Init input reward/action/done content...
2 1 2 1 2 1 2 1 2 1 2 1 2 1 2 1 q.finish
============================================================================
================= DATA BACK TO HOST: Learners Train round 1 ================
============================================================================

W1 content:
0.09915441 -0.83099097 -1680.17541504 1469.51257324 -1555.95532227 -1256.90344238 -1445.81750488 -0.28794271 -0.73914206 -1308.22448730 23.42328453 0.20277463 -1514.91052246 -1248.86437988 -1406.39025879 1492.18896484 0.31452167 -0.69423938 1298.29125977 1601.77368164 -0.39513722 0.22389877 1400.39672852 0.13287388 -1203.91674805 0.19251202 -1660.76477051 20.88929749 -0.68333685 -0.43825990 1346.65380859 0.48334587 -0.73837459 1125.77575684 -1262.82165527 -0.13170768 0.25504956 -1502.91955566 -829.35992432 0.10338196 0.20394129 0.31944856 -0.28020772 0.07644557 -1331.68530273 -1537.66870117 -0.44812065 -1562.47949219 -1725.32568359 -0.28003353 -2.59485936 -1617.78320312 99.69571686 254.51498413 -1422.72753906 -1408.75903320 -0.04243847 -0.49640450 -1148.13476562 -1533.19689941 -0.24925019 -317.77755737 -0.66689420 -0.39231238 
0.29402483 -0.91242588 -1640.18371582 1434.71081543 -1519.16101074 -1227.12182617 -1411.93652344 -0.72908038 -0.72361332 -1277.62243652 23.36034203 -0.10724362 -1478.36779785 -1219.80822754 -1372.52172852 1456.66784668 -0.11692632 -0.25340885 1268.03100586 1564.47778320 -0.18371926 -0.23856163 1368.33959961 -0.48301825 -1175.53881836 -0.19923632 -1620.73071289 19.79757309 -0.51584589 -0.61936998 1316.21374512 -0.31062225 -0.31652656 1100.20275879 -1232.81530762 -0.93402535 0.19751197 -1467.47692871 -809.84307861 -0.36409986 -0.62006116 -0.28974161 -0.62745810 -0.22627196 -1299.87585449 -1501.05859375 -0.23145987 -1525.52441406 -1684.16320801 -0.39644134 -1.96416664 -1579.38537598 96.83803558 248.55395508 -1389.78735352 -1375.53393555 -0.22669473 -0.39077803 -1120.58166504 -1496.33178711 -0.79720479 -309.22677612 -0.80296499 0.23137197 
-0.37352312 0.28179872 -1600.44494629 1399.58435059 -1482.52050781 -1197.28149414 -1377.40112305 0.49739006 -0.20989549 -1246.67114258 22.28215981 -0.54975379 -1442.72741699 -1190.93054199 -1339.22924805 1420.84216309 -0.43930849 -0.49360865 1237.09997559 1526.69714355 -0.34316310 -0.31596485 1335.81811523 0.28860286 -1146.84912109 0.10813419 -1580.37634277 18.69968224 -0.38212401 -0.44290215 1286.02038574 -0.40003091 -0.36029723 1073.80236816 -1203.23352051 0.42710975 -0.34384489 -1432.49755859 -789.36608887 0.25293395 -0.28754956 -0.20217139 0.31227610 -0.34328577 -1268.37231445 -1464.74108887 -0.38050285 -1488.14733887 -1643.64404297 -0.99337518 -2.58648109 -1540.95202637 95.01972961 241.82196045 -1355.57421875 -1341.79675293 -0.02861559 0.18869075 -1093.58935547 -1459.43981934 -0.17468448 -302.44387817 0.47939271 -0.14278038 
-0.25456107 0.97734916 -1560.79150391 1365.93286133 -1445.62268066 -1167.87182617 -1343.91516113 0.46327347 0.17845312 -1215.08215332 21.14185905 0.17450395 -1407.01965332 -1161.75732422 -1306.22839355 1386.19531250 0.21763587 -0.45810568 1207.72656250 1489.87585449 0.28385273 -0.03821303 1303.41625977 -0.28030124 -1118.72534180 -0.10581217 -1540.81994629 18.20899010 -0.12823467 -0.40231577 1255.94567871 0.06559669 -0.45080122 1047.84082031 -1173.78674316 0.63623196 -0.19731250 -1396.62023926 -769.96734619 -0.18610863 -0.04046388 0.12274607 0.48164645 -0.02726699 -1237.58374023 -1428.99792480 0.78171593 -1451.52624512 -1602.71765137 -0.83162951 -2.83466148 -1503.38342285 91.93656921 236.20870972 -1322.96105957 -1308.59338379 -0.05084257 0.57832217 -1066.78210449 -1423.41174316 0.70278776 -295.37515259 0.48795193 0.18304197 
0.09915441 -0.83099097 -1521.21667480 1331.76403809 -1408.30175781 -1138.41345215 -1309.87353516 -0.28794271 -0.72701240 -1183.62243652 21.08827209 0.20277463 -1371.32568359 -1132.19677734 -1273.43908691 1350.78466797 0.31452167 -0.57429981 1176.54235840 1452.39208984 -0.48523214 0.44719887 1271.61499023 0.31556419 -1090.58032227 0.19251202 -1502.51770020 17.25121689 -0.52728695 -0.22342010 1225.35913086 0.70782709 -0.51510835 1021.18493652 -1144.16064453 -0.13170768 0.25504956 -1361.12280273 -750.67291260 0.10338196 0.27301472 0.31944856 -0.28020772 0.27869475 -1205.60827637 -1392.74877930 -0.44812065 -1414.45520020 -1562.10070801 -0.01934767 -1.45593917 -1465.59887695 90.68364716 231.53549194 -1289.02319336 -1275.61059570 0.21192801 -0.49640450 -1040.17468262 -1387.66662598 -0.24925019 -286.39569092 -0.66689420 -0.39231238 
0.29402483 -0.91242588 -1481.22485352 1296.96215820 -1371.50732422 -1108.63171387 -1275.99267578 -0.72908038 -0.71148360 -1153.02038574 21.02533722 -0.10724362 -1334.78283691 -1103.14074707 -1239.57055664 1315.26342773 -0.11692632 -0.13346928 1146.28210449 1415.09594727 -0.27381417 -0.01526153 1239.55786133 -0.30032790 -1062.20227051 -0.19923632 -1462.48352051 16.15950584 -0.35979590 -0.40453017 1194.91931152 -0.08614105 -0.09326030 995.61187744 -1114.15429688 -0.93402535 0.19751197 -1325.68017578 -731.15606689 -0.36409986 -0.55098772 -0.28974161 -0.62745810 -0.02402279 -1173.79870605 -1356.13867188 -0.23145987 -1377.50024414 -1520.93835449 -0.13575549 -0.82524639 -1427.20080566 87.82595825 225.57443237 -1256.08300781 -1242.38537598 0.02767175 -0.39077803 -1012.62164307 -1350.80151367 -0.79720479 -277.84484863 -0.80296499 0.23137197 
-0.37352312 0.28179872 -1441.48608398 1261.83569336 -1334.86682129 -1078.79150391 -1241.45715332 0.49739006 -0.19776577 -1122.06921387 19.94715118 -0.54975379 -1299.14257812 -1074.26293945 -1206.27832031 1279.43774414 -0.43930849 -0.37366906 1115.35107422 1377.31542969 -0.43325800 -0.09266472 1207.03637695 0.47129315 -1033.51269531 0.10813419 -1422.12927246 15.06160831 -0.22607407 -0.22806233 1164.72583008 -0.17554972 -0.13703099 969.21130371 -1084.57250977 0.42710975 -0.34384489 -1290.70080566 -710.67901611 0.25293395 -0.21847609 -0.20217139 0.31227610 -0.14103657 -1142.29516602 -1319.82104492 -0.38050285 -1340.12329102 -1480.41906738 -0.73268932 -1.44756079 -1388.76757812 86.00765228 218.84243774 -1221.86987305 -1208.64819336 0.22575091 0.18869075 -985.62939453 -1313.90942383 -0.17468448 -271.06195068 0.47939271 -0.14278038 
-0.25456107 0.97734916 -1401.83264160 1228.18432617 -1297.96911621 -1049.38171387 -1207.97119141 0.46327347 0.19058284 -1090.48010254 18.80685043 0.17450395 -1263.43469238 -1045.08972168 -1173.27722168 1244.79089355 0.21763587 -0.33816612 1085.97766113 1340.49401855 0.19375780 0.18508705 1174.63439941 -0.09761092 -1005.38897705 -0.10581217 -1382.57275391 14.57092285 0.02781531 -0.18747595 1134.65112305 0.29007789 -0.22753495 943.24981689 -1055.12561035 0.63623196 -0.19731250 -1254.82348633 -691.28045654 -0.18610863 0.02860957 0.12274607 0.48164645 0.17498216 -1111.50659180 -1284.07812500 0.78171593 -1303.50207520 -1439.49279785 -0.57094365 -1.69574142 -1351.19897461 82.92448425 213.22918701 -1189.25671387 -1175.44494629 0.20352393 0.57832217 -958.82220459 -1277.88134766 0.70278776 -263.99322510 0.48795193 0.18304197 

Bias1 content:
-1.12254679 -0.52532017 -158.15727234 136.66979980 -146.90093994 -117.59532166 -134.91307068 -0.11566360 0.87472779 -123.84899139 2.41651011 -0.77646822 -142.82763672 -115.96694946 -131.96946716 140.65057373 -0.81236994 0.94434595 120.98316956 148.34127808 0.36175936 -1.22098649 127.84006500 -1.20916378 -112.83610535 -1.05717587 -157.44468689 3.56876373 0.63164610 0.83684301 120.13938141 -1.21597958 0.89260077 103.77366638 -117.91001892 -0.57022655 -0.85416251 -140.74159241 -78.09721375 -0.90631437 -0.07056468 -0.87157708 -0.24812706 -1.27989113 -125.26550293 -144.03749084 -0.68659574 -147.19712830 -162.49017334 -0.13776121 -0.68258804 -151.36726379 8.95387173 22.97765923 -132.66233826 -132.20426941 -1.17350495 0.67113632 -107.02940369 -144.73025513 -0.56430680 -30.92253494 -0.68870318 -1.01882982 

W2 content:
-0.46896169 -0.47670731 -0.46896169 -0.47670731 
-0.37833965 0.02283986 -0.37833965 0.02283986 
0.60404706 -3536.14257812 -2638.88256836 0.63155007 
-0.41051146 -1020.95611572 -754.65612793 -0.64048141 
0.61813337 -3036.63281250 -2270.19018555 0.54107893 
0.39266184 -2502.47338867 -1869.40344238 0.51676685 
0.42828077 -1528.66015625 -1145.75329590 0.61197352 
-0.10109279 0.02117752 -0.10109279 0.02117752 
0.68744457 0.46293059 0.90619296 0.47567359 
0.62303901 -1030.34106445 -774.79833984 0.37757468 
0.11735656 -14.00479984 -12.46940422 -0.11833798 
-0.58069307 -0.63047141 -0.58069307 -0.63047141 
0.58440298 -2689.16577148 -2007.91784668 0.53950363 
0.25121006 -1356.28637695 -1018.45330811 0.61774099 
0.49379340 -3691.89990234 -2754.57714844 0.53734326 
-0.61760116 -920.66479492 -680.47210693 -0.50006419 
-0.38415065 -0.55394965 -0.38415065 -0.55394965 
0.45566580 -0.07233304 1.52627766 0.48201174 
-0.52907562 -1062.26806641 -782.29595947 -0.44343817 
-0.49623972 -1162.98596191 -857.82940674 -0.66367251 
0.20165086 0.11484538 0.48145840 0.11484538 
-0.49979132 -0.62553209 -0.23643515 -0.62553209 
-0.50903696 -295.60903931 -216.44831848 -0.53005928 
-0.40889829 -0.58583087 -0.28269410 -0.58583087 
0.35558343 -516.69055176 -386.93798828 0.51026142 
-0.46581775 -0.52112710 -0.46581775 -0.52112710 
0.80653346 -1646.33569336 -1223.07165527 0.46706101 
-0.24635440 -1306.93383789 -973.36590576 0.17123681 
0.59174740 0.37805164 0.99106526 0.62639523 
0.40904301 -0.04943281 1.40343714 0.59236646 
-0.42426041 -299.92205811 -214.43949890 -0.56717694 
-0.50243485 -0.56419635 -0.34305567 -0.56419635 
0.42168480 0.00112623 1.32444334 0.61333585 
-0.26488677 -1025.02954102 -754.69378662 -0.52924222 
0.33836278 -3440.56176758 -2568.39868164 0.56132650 
-0.47396919 -0.02346634 -0.47396919 -0.02346634 
-0.58442515 -0.57589489 -0.58442515 -0.57589489 
0.48223948 -2200.91357422 -1648.54248047 0.60855752 
0.33107355 -2089.26049805 -1556.82971191 0.28702402 
-0.50980347 -0.50740242 -0.50980347 -0.50740242 
-0.15460052 0.03157697 0.57160962 0.03157697 
-0.36798739 -0.61111099 -0.36798739 -0.61111099 
-0.26260474 0.11659053 -0.26260474 0.11659053 
-0.45267498 -0.52360988 -0.18577835 -0.52360988 
0.52545804 -939.75177002 -708.34783936 0.46553168 
0.47606575 -2008.57543945 -1502.74975586 0.63537401 
-0.49299982 -0.30910513 -0.49299982 -0.30910513 
0.58838826 -3665.30249023 -2735.85546875 0.56742907 
0.62204927 -1216.58227539 -911.10021973 0.64707047 
0.11523482 -0.54645079 0.34045690 -0.02968160 
0.30727082 -3.60641217 -1.58689046 0.06090688 
0.49542487 -164.95201111 -126.67803192 0.67237210 
0.01662781 -1125.50671387 -842.70715332 -0.07643172 
0.05909078 -775.74072266 -585.32434082 -0.20803501 
0.40837067 -963.80908203 -727.01159668 0.61211628 
0.48718655 -3677.40527344 -2743.57910156 0.54400355 
-0.56932425 -0.62823170 -0.35738170 -0.62823170 
0.53545886 0.18616967 0.53545886 0.18616967 
0.32281348 -1864.28381348 -1393.54968262 0.49875414 
0.62556940 -1583.83850098 -1180.94030762 0.52026176 
-0.46363422 -0.21698964 -0.46363422 -0.21698964 
0.31868374 -542.62500000 -415.28414917 -0.03358058 
-0.40774465 -0.18266666 -0.40774465 -0.18266666 
-0.46352223 -0.60304445 -0.46352223 -0.60304445 

Bias2 content:
0.46203604 -142.32745361 -113.21038818 0.10000000 

Qs content:
5.39240074 12.67397690 25.43404770 41.47613525 51.48093796 69.51477051 77.36244965 97.21031189 103.11444855 124.90582275 128.86643982 152.60134888 154.62345886 180.28489685 180.38908386 207.96672058 

Loss content:
-2.23393345 3.35598660 14.40942287 28.71637154 36.87926483 53.10366821 59.22263336 77.33266449 81.48538971 101.51030731 103.70446777 125.67291260 125.92392731 149.81332397 148.16076660 174.00297546 
======================================================================================================
================================== DATA BACK TO HOST: Train round 2 ==================================
======================================================================================================

W1 content:
0.09915441 -0.83099097 -1680.17541504 -11455456870400.00000000 -1555.95532227 -1256.90344238 -1445.81750488 -0.28794271 -0.73914206 -1308.22448730 -167056326656.00000000 0.20277463 -1514.91052246 -1248.86437988 -1406.39025879 -10329911197696.00000000 0.31452167 -153168.03125000 -11905422852096.00000000 -13040597598208.00000000 -0.39513722 -4422878208.00000000 -3307199528960.00000000 0.13287388 -1203.91674805 0.19251202 -1660.76477051 -14698526277632.00000000 -0.68333685 -0.43825990 -3331252289536.00000000 -5929969152.00000000 -0.73837459 -11487236063232.00000000 -1262.82165527 -0.13170768 0.25504956 -1502.91955566 -829.35992432 0.10338196 0.20394129 0.31944856 -0.28020772 0.07644557 -1331.68530273 -1537.66870117 -0.44812065 -1562.47949219 -1725.32568359 -0.28003353 -2.59485936 -1617.78320312 -12678994067456.00000000 -8759905615872.00000000 -1422.72753906 -1408.75903320 -6183670272.00000000 -0.49640450 -1148.13476562 -1533.19689941 -0.24925019 -317.77755737 -0.66689420 -0.39231238 
0.29402483 -0.91242588 38839791616.00000000 -11187889635328.00000000 33413275648.00000000 27514386432.00000000 16863508480.00000000 -0.72908038 -13337596.00000000 11403692032.00000000 -163143663616.00000000 -0.10724362 29553080320.00000000 14989871104.00000000 40542613504.00000000 -10088633860096.00000000 -0.11692632 -22579046.00000000 -11627360419840.00000000 -12736015630336.00000000 -7086236.00000000 -4339096576.00000000 -3229962993664.00000000 -0.48301825 5695057920.00000000 -0.19923632 18001498112.00000000 -14355172163584.00000000 -14586769.00000000 -20656170.00000000 -3253480194048.00000000 -5795577856.00000000 -19493518.00000000 -11218941116416.00000000 37802389504.00000000 -0.93402535 0.19751197 24263694336.00000000 22913843200.00000000 -0.36409986 -8413107.00000000 -0.28974161 -0.62745810 -0.22627196 10425655296.00000000 22117877760.00000000 -0.23145987 40267067392.00000000 13409818624.00000000 -5010938.00000000 23356284.00000000 1864480256.00000000 -12382795464704.00000000 -8555237736448.00000000 10700353536.00000000 40380743680.00000000 -6051681792.00000000 -0.39077803 20510642176.00000000 17381398528.00000000 -0.79720479 6112264704.00000000 -0.80296499 0.23137197 
-0.37352312 0.28179872 77679583232.00000000 -10920322400256.00000000 66826555392.00000000 55028776960.00000000 33727016960.00000000 0.49739006 -26675190.00000000 22807384064.00000000 -159231016960.00000000 -0.54975379 59106164736.00000000 29979742208.00000000 81085227008.00000000 -9847356522496.00000000 -0.43930849 -45004924.00000000 -11349299036160.00000000 -12431432613888.00000000 -14172472.00000000 -4255314688.00000000 -3152726720512.00000000 0.28860286 11390116864.00000000 0.10813419 36003000320.00000000 -14011819098112.00000000 -29173536.00000000 -41312340.00000000 -3175708098560.00000000 -5661187584.00000000 -38987036.00000000 -10950647218176.00000000 75604779008.00000000 0.42710975 -0.34384489 48527392768.00000000 45827686400.00000000 0.25293395 -16826212.00000000 -0.20217139 0.31227610 -0.34328577 20851310592.00000000 44235759616.00000000 -0.38050285 80534134784.00000000 26819639296.00000000 -10021876.00000000 46712568.00000000 3728962048.00000000 -12086595813376.00000000 -8350571429888.00000000 21400707072.00000000 80761487360.00000000 -5919692288.00000000 0.18869075 41021288448.00000000 34762801152.00000000 -0.17468448 12224530432.00000000 0.47939271 -0.14278038 
-0.25456107 0.97734916 116519378944.00000000 -10652755165184.00000000 100239826944.00000000 82543173632.00000000 50590527488.00000000 0.46327347 -40012784.00000000 34211074048.00000000 -155318353920.00000000 0.17450395 88659255296.00000000 44969619456.00000000 121627844608.00000000 -9606079184896.00000000 0.21763587 -67430808.00000000 -11071235555328.00000000 -12126850646016.00000000 -21258708.00000000 -4171533568.00000000 -3075489923072.00000000 -0.28030124 17085175808.00000000 -0.10581217 54004502528.00000000 -13668467081216.00000000 -43760304.00000000 -61968512.00000000 -3097936265216.00000000 -5526795776.00000000 -58480552.00000000 -10682352271360.00000000 113407164416.00000000 0.63623196 -0.19731250 72791089152.00000000 68741529600.00000000 -0.18610863 -25239318.00000000 0.12274607 0.48164645 -0.02726699 31276965888.00000000 66353639424.00000000 0.78171593 120801198080.00000000 40229466112.00000000 -15032812.00000000 70068856.00000000 5593443840.00000000 -11790396162048.00000000 -8145904599040.00000000 32101060608.00000000 121142239232.00000000 -5787702784.00000000 0.57832217 61531926528.00000000 52144205824.00000000 0.70278776 18336796672.00000000 0.48795193 0.18304197 
0.09915441 -0.83099097 155359166464.00000000 -10385187930112.00000000 133653110784.00000000 110057553920.00000000 67454038016.00000000 -0.28794271 -53350380.00000000 45614772224.00000000 -151405707264.00000000 0.20277463 118212329472.00000000 59959488512.00000000 162170454016.00000000 -9364801847296.00000000 0.31452167 -89856680.00000000 -10793172074496.00000000 -11822268678144.00000000 -28344944.00000000 -4087751936.00000000 -2998253387776.00000000 0.31556419 22780233728.00000000 0.19251202 72006000640.00000000 -13325114015744.00000000 -58347072.00000000 -82624680.00000000 -3020164169728.00000000 -5392404992.00000000 -77974072.00000000 -10414057324544.00000000 151209558016.00000000 -0.13170768 0.25504956 97054785536.00000000 91655372800.00000000 0.10338196 -33652424.00000000 0.31944856 -0.28020772 0.27869475 41702625280.00000000 88471519232.00000000 -0.44812065 161068269568.00000000 53639282688.00000000 -20043750.00000000 93425144.00000000 7457925632.00000000 -11494195462144.00000000 -7941238816768.00000000 42801418240.00000000 161522974720.00000000 -5655713280.00000000 -0.49640450 82042576896.00000000 69525602304.00000000 -0.24925019 24449060864.00000000 -0.66689420 -0.39231238 
0.29402483 -0.91242588 194198962176.00000000 -10117620695040.00000000 167066386432.00000000 137571942400.00000000 84317544448.00000000 -0.72908038 -66687976.00000000 57018462208.00000000 -147493044224.00000000 -0.10724362 147765411840.00000000 74949361664.00000000 202713071616.00000000 -9123524509696.00000000 -0.11692632 -112282552.00000000 -10515110690816.00000000 -11517686710272.00000000 -35431180.00000000 -4003970304.00000000 -2921017114624.00000000 -0.30032790 28475291648.00000000 -0.19923632 90007502848.00000000 -12981759901696.00000000 -72933840.00000000 -103280848.00000000 -2942392074240.00000000 -5258014720.00000000 -97467584.00000000 -10145764474880.00000000 189011968000.00000000 -0.93402535 0.19751197 121318490112.00000000 114569224192.00000000 -0.36409986 -42065532.00000000 -0.28974161 -0.62745810 -0.02402279 52128280576.00000000 110589394944.00000000 -0.23145987 201335324672.00000000 67049103360.00000000 -25054686.00000000 116781432.00000000 9322407936.00000000 -11197994762240.00000000 -7736570937344.00000000 53501771776.00000000 201903718400.00000000 -5523724800.00000000 -0.39077803 102553214976.00000000 86907002880.00000000 -0.79720479 30561325056.00000000 -0.80296499 0.23137197 
-0.37352312 0.28179872 233038757888.00000000 -9850053459968.00000000 200479653888.00000000 165086347264.00000000 101181054976.00000000 0.49739006 -80025568.00000000 68422152192.00000000 -143580381184.00000000 -0.54975379 177318510592.00000000 89939238912.00000000 243255689216.00000000 -8882247172096.00000000 -0.43930849 -134708448.00000000 -10237048258560.00000000 -11213103693824.00000000 -42517416.00000000 -3920188672.00000000 -2843780841472.00000000 0.47129315 34170351616.00000000 0.10813419 108009005056.00000000 -12638406836224.00000000 -87520608.00000000 -123937024.00000000 -2864619978752.00000000 -5123623936.00000000 -116961104.00000000 -9877468479488.00000000 226814328832.00000000 0.42710975 -0.34384489 145582178304.00000000 137483059200.00000000 0.25293395 -50478636.00000000 -0.20217139 0.31227610 -0.14103657 62553935872.00000000 132707278848.00000000 -0.38050285 241602396160.00000000 80458932224.00000000 -30065622.00000000 140137712.00000000 11186889728.00000000 -10901795110912.00000000 -7531904106496.00000000 64202125312.00000000 242284478464.00000000 -5391735296.00000000 0.18869075 123063853056.00000000 104288411648.00000000 -0.17468448 36673593344.00000000 0.47939271 -0.14278038 
-0.25456107 0.97734916 271878569984.00000000 -9582486224896.00000000 233892954112.00000000 192600719360.00000000 118044557312.00000000 0.46327347 -93363160.00000000 79825854464.00000000 -139667750912.00000000 0.17450395 206871576576.00000000 104929107968.00000000 283798306816.00000000 -8640970883072.00000000 0.21763587 -157134320.00000000 -9958985826304.00000000 -10908520677376.00000000 -49603652.00000000 -3836407040.00000000 -2766544044032.00000000 -0.09761092 39865413632.00000000 -0.10581217 126010499072.00000000 -12295053770752.00000000 -102107384.00000000 -144593200.00000000 -2786848145408.00000000 -4989232640.00000000 -136454624.00000000 -9609174581248.00000000 264616722432.00000000 0.63623196 -0.19731250 169845882880.00000000 160396902400.00000000 -0.18610863 -58891740.00000000 0.12274607 0.48164645 0.17498216 72979595264.00000000 154825162752.00000000 0.78171593 281869451264.00000000 93868744704.00000000 -35076560.00000000 163494000.00000000 13051371520.00000000 -10605594411008.00000000 -7327236751360.00000000 74902487040.00000000 282665222144.00000000 -5259746816.00000000 0.57832217 143574499328.00000000 121669804032.00000000 0.70278776 42785857536.00000000 0.48795193 0.18304197 

Bias1 content:
-1.12254679 -0.52532017 -155359166464.00000000 -1070268416000.00000000 -133653110784.00000000 -110057553920.00000000 -67454038016.00000000 -0.11566360 53350380.00000000 -45614772224.00000000 -15650621440.00000000 -0.77646822 -118212329472.00000000 -59959488512.00000000 -162170454016.00000000 -965109153792.00000000 -0.81236994 89703512.00000000 -1112249729024.00000000 -1218329706496.00000000 28344944.00000000 -335126176.00000000 -308945846272.00000000 -1.20916378 -22780235776.00000000 -1.05717587 -72006000640.00000000 -1373412261888.00000000 58347072.00000000 82624680.00000000 -311088119808.00000000 -537563328.00000000 77974072.00000000 -1073177493504.00000000 -151209558016.00000000 -0.57022655 -0.85416251 -97054785536.00000000 -91655372800.00000000 -0.90631437 33652424.00000000 -0.87157708 -0.24812706 -1.27989113 -41702625280.00000000 -88471519232.00000000 -0.68659574 -161068269568.00000000 -53639282688.00000000 20043750.00000000 -93425144.00000000 -7457927168.00000000 -1184799653888.00000000 -818667388928.00000000 -42801418240.00000000 -161522974720.00000000 -527956480.00000000 0.67113632 -82042576896.00000000 -69525602304.00000000 -0.56430680 -24449060864.00000000 -0.68870318 -1.01882982 

W2 content:
-0.46896169 -0.47670731 -0.46896169 -0.47670731 
-0.37833965 0.02283986 -0.37833965 0.02283986 
0.60404706 -3536.14257812 601146523648.00000000 0.63155007 
-0.41051146 77352335835136.00000000 46437194792960.00000000 -0.64048141 
0.61813337 -3036.63281250 556633227264.00000000 0.54107893 
0.39266184 -2502.47338867 449939865600.00000000 0.51676685 
0.42828077 -1528.66015625 517830443008.00000000 0.61197352 
-0.10109279 0.02117752 -0.10109279 0.02117752 
0.68744457 0.46293059 153437088.00000000 0.47567359 
0.62303901 -1030.34106445 467837714432.00000000 0.37757468 
0.11735656 1227415617536.00000000 736895172608.00000000 -0.11833798 
-0.58069307 -0.63047141 -0.58069307 -0.63047141 
0.58440298 -2689.16577148 541804429312.00000000 0.53950363 
0.25121006 -1356.28637695 447858933760.00000000 0.61774099 
0.49379340 -3691.89990234 503129538560.00000000 0.53734326 
-0.61760116 78487163502592.00000000 47118664335360.00000000 -0.50006419 
-0.38415065 -0.55394965 -0.38415065 -0.55394965 
0.45566580 365370.46875000 205556112.00000000 0.48201174 
-0.52907562 68366718992384.00000000 41042816532480.00000000 -0.44343817 
-0.49623972 84373776891904.00000000 50652289957888.00000000 -0.66367251 
0.20165086 0.11484538 88585856.00000000 0.11484538 
-0.49979132 211500032.00000000 99185576.00000000 -0.62553209 
-0.50903696 73848800149504.00000000 44333591953408.00000000 -0.53005928 
-0.40889829 -0.58583087 -0.28269410 -0.58583087 
0.35558343 -516.69055176 431042297856.00000000 0.51026142 
-0.46581775 -0.52112710 -0.46581775 -0.52112710 
0.80653346 -1646.33569336 593255858176.00000000 0.46706101 
-0.24635440 1013071937536.00000000 608390545408.00000000 0.17123681 
0.59174740 0.37805164 136309568.00000000 0.62639523 
0.40904301 -0.04943281 171563984.00000000 0.59236646 
-0.42426041 71143088193536.00000000 42708928299008.00000000 -0.56717694 
-0.50243485 3162181376.00000000 1859459456.00000000 -0.56419635 
0.42168480 0.00112623 160452608.00000000 0.61333585 
-0.26488677 59341147209728.00000000 35624333606912.00000000 -0.52924222 
0.33836278 -3440.56176758 452288544768.00000000 0.56132650 
-0.47396919 -0.02346634 -0.47396919 -0.02346634 
-0.58442515 -0.57589489 -0.58442515 -0.57589489 
0.48223948 -2200.91357422 538103349248.00000000 0.60855752 
0.33107355 -2089.26049805 296537817088.00000000 0.28702402 
-0.50980347 -0.50740242 -0.50980347 -0.50740242 
-0.15460052 0.03157697 56043680.00000000 0.03157697 
-0.36798739 -0.61111099 -0.36798739 -0.61111099 
-0.26260474 0.11659053 -0.26260474 0.11659053 
-0.45267498 -0.52360988 -0.18577835 -0.52360988 
0.52545804 -939.75177002 476490137600.00000000 0.46553168 
0.47606575 -2008.57543945 550471401472.00000000 0.63537401 
-0.49299982 -0.30910513 -0.49299982 -0.30910513 
0.58838826 -3665.30249023 558973255680.00000000 0.56742907 
0.62204927 -1216.58227539 617309339648.00000000 0.64707047 
0.11523482 -0.54645079 198342624.00000000 -0.02968160 
0.30727082 -3.60641217 639013056.00000000 0.06090688 
0.49542487 -164.95201111 579243016192.00000000 0.67237210 
0.01662781 5240328290304.00000000 3145927753728.00000000 -0.07643172 
0.05909078 13408236732416.00000000 8049347526656.00000000 -0.20803501 
0.40837067 -963.80908203 509718724608.00000000 0.61211628 
0.48718655 -3677.40527344 504107696128.00000000 0.54400355 
-0.56932425 1113468032.00000000 621426048.00000000 -0.62823170 
0.53545886 0.18616967 0.53545886 0.18616967 
0.32281348 -1864.28381348 411071447040.00000000 0.49875414 
0.62556940 -1583.83850098 548105945088.00000000 0.52026176 
-0.46363422 -0.21698964 -0.46363422 -0.21698964 
0.31868374 -542.62500000 113119936512.00000000 -0.03358058 
-0.40774465 -0.18266666 -0.40774465 -0.18266666 
-0.46352223 -0.60304445 -0.46352223 -0.60304445 

Bias2 content:
0.46203604 709916480.00000000 516663904.00000000 0.10000000 

Qs content:
-294365440.00000000 -10587646.00000000 -53401664.00000000 -134333440.00000000 -144598928.00000000 -258079216.00000000 -235796256.00000000 -381824960.00000000 -326993536.00000000 -505570784.00000000 -418190784.00000000 -629316544.00000000 -509388128.00000000 -753062336.00000000 -600585408.00000000 -876808128.00000000 

Loss content:
-294365440.00000000 -10587647.00000000 -53401664.00000000 -134333440.00000000 -144598928.00000000 -258079216.00000000 -235796256.00000000 -381824960.00000000 -326993536.00000000 -505570784.00000000 -418190784.00000000 -629316544.00000000 -509388128.00000000 -753062336.00000000 -600585408.00000000 -876808128.00000000 
