INFO: Found Xilinx Platform
CRITICAL WARNING: [SW-EM 09-0] Unable to find emconfig.json. Using default device "xilinx:pcie-hw-em:7v3:1.0"
INFO: Loading 'top.xclbin'
here 1
init input states.

input s content:
0.000000 0.000000 -0.250000 0.250000 -0.500000 0.500000 -0.750000 0.750000 -1.000000 1.000000 -1.250000 1.250000 -1.500000 1.500000 -1.750000 1.750000 0.000000 0.000000 -0.250000 0.250000 -0.500000 0.500000 -0.750000 0.750000 -1.000000 1.000000 -1.250000 1.250000 -1.500000 1.500000 -1.750000 1.750000 0.000000 0.000000 -0.250000 0.250000 -0.500000 0.500000 -0.750000 0.750000 -1.000000 1.000000 -1.250000 1.250000 -1.500000 1.500000 -1.750000 1.750000 0.000000 0.000000 -0.250000 0.250000 -0.500000 0.500000 -0.750000 0.750000 -1.000000 1.000000 -1.250000 1.250000 -1.500000 1.500000 -1.750000 1.750000 0.000000 0.000000 -0.250000 0.250000 -0.500000 0.500000 -0.750000 0.750000 -1.000000 1.000000 -1.250000 1.250000 -1.500000 1.500000 -1.750000 1.750000 0.000000 0.000000 -0.250000 0.250000 -0.500000 0.500000 -0.750000 0.750000 -1.000000 1.000000 -1.250000 1.250000 -1.500000 1.500000 -1.750000 1.750000 0.000000 0.000000 -0.250000 0.250000 -0.500000 0.500000 -0.750000 0.750000 -1.000000 1.000000 -1.250000 1.250000 -1.500000 1.500000 -1.750000 1.750000 0.000000 0.000000 -0.250000 0.250000 -0.500000 0.500000 -0.750000 0.750000 -1.000000 1.000000 -1.250000 1.250000 -1.500000 1.500000 -1.750000 1.750000 0.000000 0.000000 -0.250000 0.250000 -0.500000 0.500000 -0.750000 0.750000 -1.000000 1.000000 -1.250000 1.250000 -1.500000 1.500000 -1.750000 1.750000 0.000000 0.000000 -0.250000 0.250000 -0.500000 0.500000 -0.750000 0.750000 -1.000000 1.000000 -1.250000 1.250000 -1.500000 1.500000 -1.750000 1.750000 0.000000 0.000000 -0.250000 0.250000 -0.500000 0.500000 -0.750000 0.750000 -1.000000 1.000000 -1.250000 1.250000 -1.500000 1.500000 -1.750000 1.750000 0.000000 0.000000 -0.250000 0.250000 -0.500000 0.500000 -0.750000 0.750000 -1.000000 1.000000 -1.250000 1.250000 -1.500000 1.500000 -1.750000 1.750000 0.000000 0.000000 -0.250000 0.250000 -0.500000 0.500000 -0.750000 0.750000 -1.000000 1.000000 -1.250000 1.250000 -1.500000 1.500000 -1.750000 1.750000 0.000000 0.000000 -0.250000 0.250000 -0.500000 0.500000 -0.750000 0.750000 -1.000000 1.000000 -1.250000 1.250000 -1.500000 1.500000 -1.750000 1.750000 0.000000 0.000000 -0.250000 0.250000 -0.500000 0.500000 -0.750000 0.750000 -1.000000 1.000000 -1.250000 1.250000 -1.500000 1.500000 -1.750000 1.750000 0.000000 0.000000 -0.250000 0.250000 -0.500000 0.500000 -0.750000 0.750000 -1.000000 1.000000 -1.250000 1.250000 -1.500000 1.500000 -1.750000 1.750000 
input reward/action/done content:
64
64
64
64
64
64
64
64
64
64
64
64
64
64
64
64
64
64
64
64
64
64
64
64
64
64
64
64
64
64
64
64
inied
flags set
64
hi
setArg finished
setArg
sent data

acts:
2 2 2 2 2 2 2 2 2 2 2 2 2 2 2 2 
r:
1.000000 1.000000 1.000000 1.000000 1.000000 1.000000 1.000000 1.000000 1.000000 1.000000 1.000000 1.000000 1.000000 1.000000 1.000000 1.000000 
done:
0 0 0 0 0 0 0 0 0 0 0 0 0 0 0 0 
Weight init.

z1_buf content:
-0.27928951 
-1.33266044 
-1.43395019 
-1.39339924 
-0.63965148 
-0.75667870 
0.07832158 
-0.88706410 
0.48960364 
0.49236104 
0.65350521 
-0.15512979 
-0.92301208 
0.32869115 
-1.58024287 
-1.30416393 
-0.61697489 
2.39624834 
-1.95952845 
-1.83944178 
0.62626648 
0.58944499 
-0.79496026 
0.28247082 
-0.02421671 
-0.90257132 
-1.38111615 
-0.86606252 
0.89375496 
2.22565746 
-1.68714023 
0.35672319 
2.02055836 
-1.86309898 
-1.30515659 
-1.48228025 
-0.22450894 
-0.03689760 
-1.16823530 
-0.50414282 
1.62540674 
-0.65893567 
-0.85540050 
0.59736925 
0.68185115 
-0.28187084 
-1.08456933 
-1.39929819 
-0.02455723 
1.40082049 
1.92921174 
0.46859223 
-0.05669534 
0.66438389 
0.74456406 
-1.60164094 
0.47437078 
-0.06947899 
-0.44553816 
-0.76111031 
-0.52684975 
1.38041162 
-0.99602664 
-1.14561963 

z2_buf content:
5.55443668 
4.99577236 
5.39240074 
4.72157717 

 targ z1_buf content:
-1.96580410 
0.28202027 
3.03689909 
-0.76420790 
2.14495587 
2.54626083 
1.98343909 
0.65573692 
1.28411138 
1.01351976 
-0.49050358 
-1.39780664 
2.43765187 
1.07261872 
3.54348397 
-0.20353031 
-1.00776505 
-0.26767743 
0.42795348 
-0.24132723 
-0.08293760 
-2.58481789 
-1.08829653 
-2.33541775 
1.02485061 
-1.21178031 
2.98609209 
0.72743630 
0.68163717 
-0.12229168 
-0.62312126 
-2.33971977 
0.21117568 
0.22864506 
2.80726576 
0.34182715 
-1.48381615 
2.14730000 
2.34781027 
-1.30848598 
-1.62838924 
-1.08421850 
0.35914642 
-2.75265312 
0.94130677 
2.04690695 
-0.28862208 
3.05327940 
1.49414659 
-1.15497112 
-1.01654768 
1.16584396 
-0.05970800 
-0.66810679 
1.33941054 
3.49031973 
-2.31264782 
1.41175175 
2.30663395 
2.36124372 
-0.60176390 
-0.46165597 
-0.38137966 
-0.89204007 

z2_buf content:
25.55969620 
27.33851051 
25.39765930 
27.06431580 
argmax_tq:27.338511 
tmpq.a[0]:5.392401
node 2, sample in batch-tmpobj.a[0]:18.553709
delt2_buf_fifo content:
0.000000 0.000000 18.553709 0.000000 
delt1_buf content before z1 :

-8.70097828 
-7.01960373 
11.20731354 
-7.61651039 
11.46866703 
7.28533363 
7.94619703 
-1.87564623 
12.75464630 
11.55968475 
2.17739940 
-10.77401066 
10.84284306 
4.66087866 
9.16169930 
-11.45879173 
-7.12741947 
8.45429039 
-9.81631470 
-9.20708752 
3.74137139 
-9.27298260 
-9.44452381 
-7.58657980 
6.59739161 
-8.64264679 
14.96418667 
-4.57078791 
10.97910881 
7.58926487 
-7.87160397 
-9.32203007 
7.82381725 
-4.91463184 
6.27788448 
-8.79388618 
-10.84325409 
8.94733143 
6.14264250 
-9.45874500 
-2.86841297 
-6.82753086 
-4.87229204 
-8.39879990 
9.74919510 
8.83278561 
-9.14697552 
10.91678429 
11.54132080 
2.13803339 
5.70101357 
9.19196892 
0.30850759 
1.09635317 
7.57679081 
9.03911781 
-10.56307697 
9.93474770 
5.98938751 
11.60663223 
-8.60213470 
5.91276550 
-7.56517553 
-8.60005665 

z1_buf content:
-0.30278006 
-1.38108778 
-1.31325936 
-1.35408449 
-0.53873312 
-0.67245352 
0.12729269 
-0.89270008 
0.46607274 
0.52334368 
0.65060401 
-0.18310153 
-0.83199817 
0.37094933 
-1.45385718 
-1.26849031 
-0.61938250 
2.31773114 
-1.91627932 
-1.79349983 
0.57596403 
0.51906586 
-0.78179461 
0.22088301 
-0.00742126 
-0.90301162 
-1.32163978 
-0.81991100 
0.86756730 
2.16218448 
-1.66986680 
0.30688000 
1.96513629 
-1.82149637 
-1.18814409 
-1.48251939 
-0.23336852 
0.03428942 
-1.09545255 
-0.52353215 
1.54063249 
-0.66390741 
-0.86677480 
0.51499414 
0.70904195 
-0.21575981 
-1.11240625 
-1.27460229 
0.01482144 
1.36927557 
1.90489030 
0.47177792 
-0.02013004 
0.68634272 
0.77224720 
-1.47562420 
0.40135676 
-0.08149600 
-0.38333273 
-0.70649815 
-0.57868505 
1.39156032 
-1.04627824 
-1.15768743 

z2_buf content:
5.70209408 
5.17234278 
5.54005814 
4.89814758 

 targ z1_buf content:
-1.98929453 
0.23359346 
3.15758991 
-0.72489327 
2.24587393 
2.63048601 
2.03241014 
0.65010101 
1.26058054 
1.04450238 
-0.49340475 
-1.42577851 
2.52866602 
1.11487699 
3.66986942 
-0.16785681 
-1.01017284 
-0.34619462 
0.47120273 
-0.19538525 
-0.13323998 
-2.65519667 
-1.07513070 
-2.39700580 
1.04164600 
-1.21222055 
3.04556847 
0.77358788 
0.65544951 
-0.18576449 
-0.60584778 
-2.38956308 
0.15575355 
0.27024761 
2.92427826 
0.34158802 
-1.49267578 
2.21848679 
2.42059326 
-1.32787514 
-1.71316350 
-1.08919036 
0.34777206 
-2.83502865 
0.96849775 
2.11301804 
-0.31645876 
3.17797494 
1.53352523 
-1.18651617 
-1.04086900 
1.16902959 
-0.02314270 
-0.64614785 
1.36709356 
3.61633658 
-2.38566208 
1.39973485 
2.36883926 
2.41585612 
-0.65359885 
-0.45050752 
-0.43163103 
-0.90410793 

z2_buf content:
26.23388863 
28.06220627 
26.07185173 
27.78801155 
argmax_tq:28.062206 
tmpq.a[0]:5.540058
node 2, sample in batch-tmpobj.a[0]:18.982090
delt2_buf_fifo content:
0.000000 0.000000 18.982090 0.000000 
delt1_buf content before z1 :

-8.90187263 
-7.18167734 
11.46607590 
-7.79236555 
11.73346329 
7.45354223 
8.12966442 
-1.91895247 
13.04913425 
11.82658291 
2.22767282 
-11.02276802 
11.09319019 
4.76849222 
9.37323093 
-11.72336102 
-7.29198217 
8.64948940 
-10.04296112 
-9.41966724 
3.82775474 
-9.48708344 
-9.66258526 
-7.76174402 
6.74971676 
-8.84219456 
15.30969048 
-4.67632151 
11.23260212 
7.76449108 
-8.05334949 
-9.53726387 
8.00445843 
-5.02810431 
6.42283297 
-8.99692631 
-11.09361076 
9.15391350 
6.28446817 
-9.67713547 
-2.93464088 
-6.98516989 
-4.98478699 
-8.59271717 
9.97429180 
9.03672314 
-9.35816669 
11.16883945 
11.80779552 
2.18739772 
5.83264256 
9.40419960 
0.31563064 
1.12166655 
7.75172901 
9.24781895 
-10.80696392 
10.16412830 
6.12767458 
11.87461472 
-8.80074692 
6.04928350 
-7.73984575 
-8.79862022 

z1_buf content:
-0.32627052 
-1.42951441 
-1.19256830 
-1.31476974 
-0.43781471 
-0.58822823 
0.17626369 
-0.89833599 
0.44254184 
0.55432630 
0.64770281 
-0.21107346 
-0.74098426 
0.41320765 
-1.32747114 
-1.23281682 
-0.62179023 
2.23921394 
-1.87303019 
-1.74755776 
0.52566153 
0.44868672 
-0.76862884 
0.15929517 
0.00937420 
-0.90345180 
-1.26216340 
-0.77375937 
0.84137952 
2.09871149 
-1.65259337 
0.25703675 
1.90971398 
-1.77989364 
-1.07113159 
-1.48275852 
-0.24222815 
0.10547656 
-1.02266979 
-0.54292142 
1.45585799 
-0.66887933 
-0.87814915 
0.43261862 
0.73623288 
-0.14964861 
-1.14024293 
-1.14990664 
0.05420014 
1.33773065 
1.88056874 
0.47496358 
0.01643533 
0.70830166 
0.79993033 
-1.34960723 
0.32834256 
-0.09351292 
-0.32112718 
-0.65188599 
-0.63052011 
1.40270889 
-1.09652972 
-1.16975534 

z2_buf content:
5.88642788 
5.39078522 
5.72439194 
5.11659002 

 targ z1_buf content:
-2.01278496 
0.18516648 
3.27828074 
-0.68557864 
2.34679222 
2.71471119 
2.08138132 
0.64446503 
1.23704958 
1.07548511 
-0.49630606 
-1.45375049 
2.61967993 
1.15713525 
3.79625535 
-0.13218325 
-1.01258051 
-0.42471182 
0.51445192 
-0.14944321 
-0.18354249 
-2.72557592 
-1.06196499 
-2.45859337 
1.05844152 
-1.21266079 
3.10504532 
0.81973964 
0.62926167 
-0.24923742 
-0.58857435 
-2.43940639 
0.10033143 
0.31185040 
3.04129100 
0.34134889 
-1.50153518 
2.28967381 
2.49337626 
-1.34726441 
-1.79793799 
-1.09416223 
0.33639774 
-2.91740394 
0.99568880 
2.17912912 
-0.34429556 
3.30267096 
1.57290411 
-1.21806121 
-1.06519055 
1.17221534 
0.01342279 
-0.62418890 
1.39477658 
3.74235392 
-2.45867610 
1.38771796 
2.43104506 
2.47046828 
-0.70543414 
-0.43935901 
-0.48188251 
-0.91617578 

z2_buf content:
26.90830803 
28.78487206 
26.74627113 
28.51067734 
argmax_tq:28.784872 
tmpq.a[0]:5.724392
node 2, sample in batch-tmpobj.a[0]:19.336088
delt2_buf_fifo content:
0.000000 0.000000 19.336088 0.000000 
delt1_buf content before z1 :

-9.06788445 
-7.31560898 
11.67990685 
-7.93768597 
11.95228100 
7.59254408 
8.28127480 
-1.95473921 
13.29248905 
12.04713726 
2.26921678 
-11.22833252 
11.30006790 
4.85741997 
9.54803276 
-11.94199085 
-7.42797089 
8.81079388 
-10.23025322 
-9.59533501 
3.89913869 
-9.66400909 
-9.84278393 
-7.90649366 
6.87559271 
-9.00709343 
15.59520245 
-4.76353025 
11.44207954 
7.90929174 
-8.20353699 
-9.71512413 
8.15373421 
-5.12187386 
6.54261255 
-9.16471004 
-11.30049610 
9.32462502 
6.40166759 
-9.85760498 
-2.98936915 
-7.11543655 
-5.07774830 
-8.75296307 
10.16030312 
9.20524979 
-9.53268814 
11.37712765 
12.02799988 
2.22819066 
5.94141579 
9.57957935 
0.32151684 
1.14258456 
7.89629126 
9.42028236 
-11.00850391 
10.35367966 
6.24195004 
12.09606552 
-8.96487236 
6.16209698 
-7.88418627 
-8.96270657 

z1_buf content:
-0.34976101 
-1.47794151 
-1.07187748 
-1.27545524 
-0.33689648 
-0.50400299 
0.22523475 
-0.90397203 
0.41901091 
0.58530891 
0.64480156 
-0.23904532 
-0.64997035 
0.45546585 
-1.20108557 
-1.19714332 
-0.62419802 
2.16069698 
-1.82978106 
-1.70161581 
0.47535914 
0.37830758 
-0.75546312 
0.09770736 
0.02616966 
-0.90389204 
-1.20268703 
-0.72760773 
0.81519181 
2.03523874 
-1.63531995 
0.20719349 
1.85429192 
-1.73829103 
-0.95411915 
-1.48299766 
-0.25108778 
0.17666349 
-0.94988692 
-0.56231058 
1.37108374 
-0.67385113 
-0.88952351 
0.35024339 
0.76342404 
-0.08353752 
-1.16807961 
-1.02521098 
0.09357885 
1.30618572 
1.85624766 
0.47814929 
0.05300069 
0.73026061 
0.82761323 
-1.22359037 
0.25532854 
-0.10552996 
-0.25892174 
-0.59727371 
-0.68235540 
1.41385758 
-1.14678109 
-1.18182325 

z2_buf content:
6.07373571 
5.61147499 
5.91169977 
5.33727980 

 targ z1_buf content:
-2.03627563 
0.13673961 
3.39897156 
-0.64626396 
2.44771051 
2.79893637 
2.13035202 
0.63882905 
1.21351850 
1.10646772 
-0.49920717 
-1.48172235 
2.71069384 
1.19939339 
3.92264128 
-0.09650970 
-1.01498818 
-0.50322902 
0.55770111 
-0.10350129 
-0.23384482 
-2.79595494 
-1.04879940 
-2.52018142 
1.07523692 
-1.21310115 
3.16452146 
0.86589128 
0.60307407 
-0.31271011 
-0.57130086 
-2.48924971 
0.04490930 
0.35345292 
3.15830326 
0.34110981 
-1.51039481 
2.36086106 
2.56615877 
-1.36665368 
-1.88271224 
-1.09913397 
0.32502341 
-2.99977899 
1.02287972 
2.24523997 
-0.37213224 
3.42736650 
1.61228263 
-1.24960601 
-1.08951175 
1.17540085 
0.04998809 
-0.60222995 
1.42245960 
3.86837053 
-2.53169012 
1.37570083 
2.49325037 
2.52508044 
-0.75726920 
-0.42821026 
-0.53213406 
-0.92824370 

z2_buf content:
27.58311653 
29.50577545 
27.42107964 
29.23158073 
argmax_tq:29.505775 
tmpq.a[0]:5.911700
node 2, sample in batch-tmpobj.a[0]:19.682377
delt2_buf_fifo content:
0.000000 0.000000 19.682377 0.000000 
delt1_buf content before z1 :

-9.23028088 
-7.44662333 
11.88908195 
-8.07984161 
12.16633415 
7.72851849 
8.42958355 
-1.98974645 
13.53054333 
12.26288891 
2.30985618 
-11.42941952 
11.50243950 
4.94441128 
9.71902752 
-12.15585899 
-7.56099796 
8.96858597 
-10.41346550 
-9.76717758 
3.96896815 
-9.83708096 
-10.01905727 
-8.04808998 
6.99872684 
-9.16840076 
15.87449551 
-4.84884024 
11.64699554 
8.05093861 
-8.35045338 
-9.88911247 
8.29975891 
-5.21360111 
6.65978384 
-9.32884026 
-11.50287628 
9.49161911 
6.51631451 
-10.03414440 
-3.04290557 
-7.24286652 
-5.16868544 
-8.90971947 
10.34226322 
9.37010574 
-9.70340824 
11.58087921 
12.24340820 
2.26809525 
6.04782009 
9.75113869 
0.32727489 
1.16304708 
8.03770542 
9.58898926 
-11.20565414 
10.53910351 
6.35373640 
12.31269264 
-9.12542343 
6.27245331 
-8.02538395 
-9.12321949 

z1_buf content:
-0.37325153 
-1.52636814 
-0.95118654 
-1.23614049 
-0.23597813 
-0.41977787 
0.27420580 
-0.90960789 
0.39548004 
0.61629164 
0.64190042 
-0.26701730 
-0.55895615 
0.49772409 
-1.07469976 
-1.16146970 
-0.62660575 
2.08217955 
-1.78653181 
-1.65567374 
0.42505664 
0.30792844 
-0.74229741 
0.03611955 
0.04296511 
-0.90433228 
-1.14321041 
-0.68145609 
0.78900415 
1.97176588 
-1.61804652 
0.15735018 
1.79886985 
-1.69668841 
-0.83710653 
-1.48323667 
-0.25994736 
0.24785054 
-0.87710410 
-0.58169991 
1.28630924 
-0.67882305 
-0.90089786 
0.26786816 
0.79061496 
-0.01742649 
-1.19591641 
-0.90051508 
0.13295749 
1.27464080 
1.83192611 
0.48133495 
0.08956605 
0.75221950 
0.85529637 
-1.09757352 
0.18231434 
-0.11754689 
-0.19671619 
-0.54266149 
-0.73419064 
1.42500615 
-1.19703257 
-1.19389105 

z2_buf content:
6.26104307 
5.83216619 
6.09900713 
5.55797100 

 targ z1_buf content:
-2.05976605 
0.08831251 
3.51966286 
-0.60694939 
2.54862881 
2.88316178 
2.17932320 
0.63319314 
1.18998766 
1.13745034 
-0.50210845 
-1.50969422 
2.80170822 
1.24165177 
4.04902697 
-0.06083614 
-1.01739597 
-0.58174634 
0.60095024 
-0.05755919 
-0.28414738 
-2.86633396 
-1.03563356 
-2.58176899 
1.09203243 
-1.21354127 
3.22399807 
0.91204286 
0.57688636 
-0.37618297 
-0.55402738 
-2.53909302 
-0.01051295 
0.39505553 
3.27531576 
0.34087074 
-1.51925433 
2.43204808 
2.63894176 
-1.38604283 
-1.96748662 
-1.10410583 
0.31364906 
-3.08215427 
1.05007076 
2.31135106 
-0.39996916 
3.55206251 
1.65166128 
-1.28115106 
-1.11383319 
1.17858660 
0.08655345 
-0.58027101 
1.45014262 
3.99438739 
-2.60470438 
1.36368382 
2.55545592 
2.57969284 
-0.80910450 
-0.41706169 
-0.58238536 
-0.94031155 

z2_buf content:
28.26234818 
30.23312187 
28.10031128 
29.95892715 
argmax_tq:30.233122 
tmpq.a[0]:6.099007
node 2, sample in batch-tmpobj.a[0]:20.035110
delt2_buf_fifo content:
0.000000 0.000000 20.035110 0.000000 
delt1_buf content before z1 :

-9.39569950 
-7.58007669 
12.10214996 
-8.22464275 
12.38436985 
7.86702347 
8.58065224 
-2.02540517 
13.77302742 
12.48265553 
2.35125160 
-11.63424969 
11.70857811 
5.03302145 
9.89320564 
-12.37370777 
-7.69650078 
9.12931442 
-10.60008812 
-9.94221783 
4.04009724 
-10.01337433 
-10.19861126 
-8.19232273 
7.12415314 
-9.33271027 
16.15898705 
-4.93573761 
11.85572433 
8.19522190 
-8.50010395 
-10.06633759 
8.44850159 
-5.30703545 
6.77913570 
-9.49602509 
-11.70902252 
9.66172123 
6.63309526 
-10.21396923 
-3.09743834 
-7.37266827 
-5.26131487 
-9.06939316 
10.52760983 
9.53802967 
-9.87730598 
11.78842354 
12.46282578 
2.30874228 
6.15620470 
9.92589188 
0.33314008 
1.18389034 
8.18175125 
9.76083660 
-11.40647411 
10.72797775 
6.46760368 
12.53335190 
-9.28896332 
6.38486385 
-8.16920948 
-9.28671932 

z1_buf content:
-0.39674202 
-1.57479513 
-0.83049560 
-1.19682598 
-0.13505989 
-0.33555263 
0.32317686 
-0.91524386 
0.37194908 
0.64727426 
0.63899916 
-0.29498923 
-0.46794224 
0.53998232 
-0.94831395 
-1.12579632 
-0.62901342 
2.00366259 
-1.74328268 
-1.60973191 
0.37475425 
0.23754948 
-0.72913170 
-0.02546823 
0.05976057 
-0.90477252 
-1.08373392 
-0.63530445 
0.76281643 
1.90829325 
-1.60077298 
0.10750693 
1.74344778 
-1.65508580 
-0.72009420 
-1.48347592 
-0.26880687 
0.31903753 
-0.80432129 
-0.60108912 
1.20153511 
-0.68379492 
-0.91227216 
0.18549281 
0.81780589 
0.04868460 
-1.22375321 
-0.77581942 
0.17233619 
1.24309576 
1.80760455 
0.48452061 
0.12613142 
0.77417850 
0.88297945 
-0.97155666 
0.10930020 
-0.12956390 
-0.13451076 
-0.48804933 
-0.78602558 
1.43615460 
-1.24728405 
-1.20595896 

z2_buf content:
6.46111441 
6.06886864 
6.29907846 
5.79467344 

 targ z1_buf content:
-2.08325648 
0.03988588 
3.64035368 
-0.56763464 
2.64954710 
2.96738696 
2.22829437 
0.62755722 
1.16645670 
1.16843295 
-0.50500953 
-1.53766620 
2.89272213 
1.28390992 
4.17541265 
-0.02516264 
-1.01980376 
-0.66026342 
0.64419943 
-0.01161721 
-0.33444983 
-2.93671322 
-1.02246785 
-2.64335680 
1.10882783 
-1.21398151 
3.28347445 
0.95819438 
0.55069858 
-0.43965578 
-0.53675395 
-2.58893609 
-0.06593496 
0.43665820 
3.39232826 
0.34063154 
-1.52811396 
2.50323486 
2.71172428 
-1.40543222 
-2.05226088 
-1.10907769 
0.30227470 
-3.16452956 
1.07726169 
2.37746215 
-0.42780572 
3.67675805 
1.69104004 
-1.31269598 
-1.13815463 
1.18177223 
0.12311876 
-0.55831206 
1.47782576 
4.12040424 
-2.67771816 
1.35166693 
2.61766124 
2.63430500 
-0.86093956 
-0.40591323 
-0.63263696 
-0.95237947 

z2_buf content:
28.96052170 
30.98801422 
28.79848480 
30.71381950 
argmax_tq:30.988014 
tmpq.a[0]:6.299078
node 2, sample in batch-tmpobj.a[0]:20.389858
delt2_buf_fifo content:
0.000000 0.000000 20.389858 0.000000 
delt1_buf content before z1 :

-9.56206226 
-7.71429157 
12.31643391 
-8.37027073 
12.60365200 
8.00631905 
8.73258400 
-2.06126761 
14.01689720 
12.70367718 
2.39288354 
-11.84024906 
11.91589355 
5.12213755 
10.06837749 
-12.59280014 
-7.83277750 
9.29096127 
-10.78777695 
-10.11825752 
4.11163235 
-10.19067383 
-10.37919140 
-8.33737850 
7.25029564 
-9.49795818 
16.44510269 
-5.02313137 
12.06564522 
8.34032917 
-8.65060997 
-10.24457550 
8.59809303 
-5.40100384 
6.89916897 
-9.66416454 
-11.91634560 
9.83279514 
6.75054264 
-10.39482021 
-3.15228271 
-7.50321102 
-5.35447359 
-9.22997856 
10.71401501 
9.70691299 
-10.05219650 
11.99715328 
12.68349648 
2.34962177 
6.26520872 
10.10164261 
0.33903876 
1.20485270 
8.32662010 
9.93366432 
-11.60844040 
10.91793060 
6.58212090 
12.75527191 
-9.45343590 
6.49791622 
-8.31385517 
-9.45115280 

z1_buf content:
-0.42023247 
-1.62322223 
-0.70980483 
-1.15751123 
-0.03414160 
-0.25132751 
0.37214786 
-0.92087990 
0.34841815 
0.67825693 
0.63609803 
-0.32296097 
-0.37692833 
0.58224058 
-0.82192826 
-1.09012270 
-0.63142115 
1.92514515 
-1.70003366 
-1.56378984 
0.32445174 
0.16717041 
-0.71596593 
-0.08705607 
0.07655597 
-0.90521270 
-1.02425766 
-0.58915287 
0.73662877 
1.84482038 
-1.58349955 
0.05766374 
1.68802559 
-1.61348319 
-0.60308158 
-1.48371506 
-0.27766648 
0.39022455 
-0.73153859 
-0.62047839 
1.11676073 
-0.68876666 
-0.92364645 
0.10311753 
0.84499687 
0.11479557 
-1.25158989 
-0.65112352 
0.21171492 
1.21155095 
1.78328335 
0.48770624 
0.16269675 
0.79613757 
0.91066241 
-0.84553969 
0.03628612 
-0.14158086 
-0.07230520 
-0.43343717 
-0.83786088 
1.44730330 
-1.29753554 
-1.21802688 

z2_buf content:
6.65471029 
6.29548407 
6.49267435 
6.02128887 

 targ z1_buf content:
-2.10674715 
-0.00854087 
3.76104450 
-0.52832007 
2.75046539 
3.05161238 
2.27726531 
0.62192130 
1.14292598 
1.19941568 
-0.50791073 
-1.56563807 
2.98373604 
1.32616806 
4.30179882 
0.01051086 
-1.02221143 
-0.73878050 
0.68744856 
0.03432471 
-0.38475227 
-3.00709224 
-1.00930226 
-2.70494461 
1.12562323 
-1.21442175 
3.34295082 
1.00434613 
0.52451086 
-0.50312865 
-0.51948047 
-2.63877916 
-0.12135708 
0.47826070 
3.50934076 
0.34039235 
-1.53697360 
2.57442188 
2.78450727 
-1.42482138 
-2.13703537 
-1.11404955 
0.29090047 
-3.24690485 
1.10445261 
2.44357324 
-0.45564264 
3.80145383 
1.73041868 
-1.34424090 
-1.16247606 
1.18495798 
0.15968418 
-0.53635311 
1.50550890 
4.24642134 
-2.75073242 
1.33965003 
2.67986679 
2.68891692 
-0.91277474 
-0.39476454 
-0.68288833 
-0.96444738 

z2_buf content:
29.63193893 
31.71507263 
29.46990204 
31.44087791 
argmax_tq:31.715073 
tmpq.a[0]:6.492674
node 2, sample in batch-tmpobj.a[0]:20.729725
delt2_buf_fifo content:
0.000000 0.000000 20.729725 0.000000 
delt1_buf content before z1 :

-9.72144699 
-7.84287691 
12.52172947 
-8.50978947 
12.81373501 
8.13977146 
8.87814236 
-2.09562588 
14.25053692 
12.91542721 
2.43276930 
-12.03760719 
12.11451340 
5.20751572 
10.23620129 
-12.80270195 
-7.96333742 
9.44582653 
-10.96759224 
-10.28691292 
4.18016672 
-10.36053658 
-10.55219650 
-8.47634888 
7.37114668 
-9.65627384 
16.71921730 
-5.10685873 
12.26676083 
8.47934914 
-8.79480171 
-10.41533661 
8.74141026 
-5.49102974 
7.01416731 
-9.82525063 
-12.11497307 
9.99669170 
6.86306381 
-10.56808567 
-3.20482612 
-7.62827730 
-5.44372416 
-9.38382816 
10.89260101 
9.86871243 
-10.21975040 
12.19712639 
12.89490986 
2.38878608 
6.36963987 
10.27002144 
0.34469000 
1.22493565 
8.46541214 
10.09924316 
-11.80193520 
11.09991455 
6.69183445 
12.96788120 
-9.61100960 
6.60622644 
-8.45243454 
-9.60868835 

z1_buf content:
-0.44372302 
-1.67164898 
-0.58911383 
-1.11819661 
0.06677675 
-0.16710228 
0.42111897 
-0.92651576 
0.32488728 
0.70923954 
0.63319671 
-0.35093296 
-0.28591430 
0.62449884 
-0.69554245 
-1.05444920 
-0.63382894 
1.84662795 
-1.65678442 
-1.51784778 
0.27414930 
0.09679127 
-0.70280027 
-0.14864388 
0.09335145 
-0.90565300 
-0.96478105 
-0.54300123 
0.71044099 
1.78134751 
-1.56622612 
0.00782049 
1.63260341 
-1.57188058 
-0.48606908 
-1.48395419 
-0.28652608 
0.46141165 
-0.65875572 
-0.63986772 
1.03198624 
-0.69373858 
-0.93502080 
0.02074224 
0.87218773 
0.18090665 
-1.27942657 
-0.52642781 
0.25109354 
1.18000579 
1.75896192 
0.49089196 
0.19926208 
0.81809640 
0.93834549 
-0.71952271 
-0.03672802 
-0.15359779 
-0.01009965 
-0.37882492 
-0.88969606 
1.45845187 
-1.34778702 
-1.23009467 

z2_buf content:
6.86867476 
6.53515673 
6.70663881 
6.26096153 

 targ z1_buf content:
-2.13023758 
-0.05696797 
3.88173556 
-0.48900539 
2.85138369 
3.13583708 
2.32623625 
0.61628520 
1.11939502 
1.23039830 
-0.51081198 
-1.59361005 
3.07474995 
1.36842632 
4.42818451 
0.04618442 
-1.02461910 
-0.81729776 
0.73069769 
0.08026680 
-0.43505490 
-3.07747126 
-0.99613643 
-2.76653242 
1.14241874 
-1.21486199 
3.40242720 
1.05049777 
0.49832314 
-0.56660151 
-0.50220704 
-2.68862247 
-0.17677921 
0.51986337 
3.62635326 
0.34015322 
-1.54583311 
2.64560890 
2.85729003 
-1.44421065 
-2.22180963 
-1.11902130 
0.27952600 
-3.32928038 
1.13164377 
2.50968432 
-0.48347944 
3.92614985 
1.76979733 
-1.37578583 
-1.18679738 
1.18814361 
0.19624949 
-0.51439410 
1.53319192 
4.37243795 
-2.82374668 
1.32763278 
2.74207234 
2.74352932 
-0.96461004 
-0.38361585 
-0.73313987 
-0.97651529 

z2_buf content:
30.26696396 
32.42273712 
30.10492706 
32.14854050 
argmax_tq:32.422737 
tmpq.a[0]:6.706639
node 2, sample in batch-tmpobj.a[0]:21.009460
delt2_buf_fifo content:
0.000000 0.000000 21.009460 0.000000 
delt1_buf content before z1 :

-9.85263157 
-7.94871187 
12.69070244 
-8.62462425 
12.98664856 
8.24961376 
8.99794769 
-2.12390494 
14.44283962 
13.08971310 
2.46559811 
-12.20004845 
12.27799129 
5.27778769 
10.37433243 
-12.97546673 
-8.07079792 
9.57329273 
-11.11559296 
-10.42572880 
4.23657560 
-10.50034618 
-10.69459152 
-8.59073257 
7.47061586 
-9.78657913 
16.94483185 
-5.17577314 
12.43229389 
8.59377289 
-8.91348267 
-10.55588531 
8.85937023 
-5.56512785 
7.10881948 
-9.95783710 
-12.27845669 
10.13159180 
6.95567656 
-10.71069622 
-3.24807334 
-7.73121643 
-5.51718378 
-9.51045704 
11.03958988 
10.00188446 
-10.35766029 
12.36172009 
13.06891918 
2.42102146 
6.45559406 
10.40860939 
0.34934136 
1.24146545 
8.57964706 
10.23552704 
-11.96119499 
11.24970150 
6.78213692 
13.14287567 
-9.74070454 
6.69537354 
-8.56649494 
-9.73835182 

z1_buf content:
-0.46721351 
-1.72007596 
-0.46842301 
-1.07888198 
0.16769499 
-0.08287710 
0.47008991 
-0.93215179 
0.30135638 
0.74022222 
0.63029552 
-0.37890482 
-0.19490033 
0.66675705 
-0.56915677 
-1.01877570 
-0.63623667 
1.76811075 
-1.61353517 
-1.47190583 
0.22384688 
0.02641225 
-0.68963450 
-0.21023172 
0.11014688 
-0.90609312 
-0.90530467 
-0.49684966 
0.68425333 
1.71787465 
-1.54895270 
-0.04202271 
1.57718134 
-1.53027797 
-0.36905664 
-1.48419333 
-0.29538566 
0.53259861 
-0.58597291 
-0.65925688 
0.94721198 
-0.69871032 
-0.94639516 
-0.06163305 
0.89937878 
0.24701780 
-1.30726349 
-0.40173197 
0.29047221 
1.14846087 
1.73464048 
0.49407765 
0.23582739 
0.84005535 
0.96602857 
-0.59350592 
-0.10974208 
-0.16561477 
0.05210572 
-0.32421279 
-0.94153124 
1.46960032 
-1.39803839 
-1.24216259 

z2_buf content:
7.05089140 
6.74051285 
6.88885546 
6.46631765 

 targ z1_buf content:
-2.15372801 
-0.10539472 
4.00242615 
-0.44969076 
2.95230198 
3.22006249 
2.37520742 
0.61064929 
1.09586406 
1.26138091 
-0.51371324 
-1.62158179 
3.16576385 
1.41068459 
4.55457020 
0.08185798 
-1.02702689 
-0.89581490 
0.77394700 
0.12620884 
-0.48535705 
-3.14785051 
-0.98297077 
-2.82812047 
1.15921426 
-1.21530223 
3.46190357 
1.09664941 
0.47213548 
-0.63007438 
-0.48493350 
-2.73846579 
-0.23220140 
0.56146604 
3.74336553 
0.33991432 
-1.55469275 
2.71679616 
2.93007278 
-1.46359992 
-2.30658412 
-1.12399316 
0.26815176 
-3.41165543 
1.15883446 
2.57579541 
-0.51131588 
4.05084515 
1.80917621 
-1.40733087 
-1.21111870 
1.19132924 
0.23281479 
-0.49243528 
1.56087470 
4.49845505 
-2.89676046 
1.31561613 
2.80427790 
2.79814148 
-1.01644492 
-0.37246752 
-0.78339112 
-0.98858309 

z2_buf content:
30.90198517 
33.13040543 
30.73994827 
32.85620880 
argmax_tq:33.130405 
tmpq.a[0]:6.888855
node 2, sample in batch-tmpobj.a[0]:21.352695
delt2_buf_fifo content:
0.000000 0.000000 21.352695 0.000000 
delt1_buf content before z1 :

-10.01359653 
-8.07857132 
12.89803314 
-8.76552582 
13.19881344 
8.38438892 
9.14494896 
-2.15860367 
14.67879486 
13.30356216 
2.50587893 
-12.39936256 
12.47857857 
5.36401176 
10.54382038 
-13.18744946 
-8.20265198 
9.72969341 
-11.29719067 
-10.59605598 
4.30578947 
-10.67189217 
-10.86931133 
-8.73108101 
7.59266472 
-9.94646454 
17.22166252 
-5.26033068 
12.63540173 
8.73417091 
-9.05910301 
-10.72833824 
9.00410748 
-5.65604639 
7.22495747 
-10.12051964 
-12.47905254 
10.29711246 
7.06931257 
-10.88567829 
-3.30113769 
-7.85752296 
-5.60731888 
-9.66583157 
11.21994591 
10.16528702 
-10.52687550 
12.56367588 
13.28242874 
2.46057415 
6.56106043 
10.57865620 
0.35504863 
1.26174748 
8.71981430 
10.40274620 
-12.15660763 
11.43348980 
6.89293814 
13.35759258 
-9.89984035 
6.80475712 
-8.70644760 
-9.89744854 

z1_buf content:
-0.49070400 
-1.76850271 
-0.34773207 
-1.03956735 
0.26861328 
0.00134814 
0.51906109 
-0.93778765 
0.27782553 
0.77120483 
0.62739432 
-0.40687668 
-0.10388637 
0.70901525 
-0.44277108 
-0.98310208 
-0.63864446 
1.68959355 
-1.57028604 
-1.42596376 
0.17354447 
-0.04396689 
-0.67646879 
-0.27181959 
0.12694237 
-0.90653342 
-0.84582812 
-0.45069802 
0.65806568 
1.65440178 
-1.53167903 
-0.09186602 
1.52175927 
-1.48867536 
-0.25204408 
-1.48443246 
-0.30424529 
0.60378557 
-0.51319009 
-0.67864621 
0.86243767 
-0.70368218 
-0.95776939 
-0.14400840 
0.92656970 
0.31312889 
-1.33510017 
-0.27703619 
0.32985094 
1.11691594 
1.71031916 
0.49726334 
0.27239275 
0.86201423 
0.99371159 
-0.46748894 
-0.18275619 
-0.17763168 
0.11431134 
-0.26960054 
-0.99336624 
1.48074889 
-1.44828975 
-1.25423050 

z2_buf content:
7.20160532 
6.90882921 
7.03956938 
6.63463402 

 targ z1_buf content:
-2.17721844 
-0.15382171 
4.12311745 
-0.41037607 
3.05322027 
3.30428791 
2.42417860 
0.60501331 
1.07233310 
1.29236364 
-0.51661438 
-1.64955366 
3.25677776 
1.45294285 
4.68095589 
0.11753160 
-1.02943468 
-0.97433221 
0.81719613 
0.17215091 
-0.53565967 
-3.21822977 
-0.96980512 
-2.88970828 
1.17600965 
-1.21574247 
3.52138019 
1.14280093 
0.44594777 
-0.69354725 
-0.46766010 
-2.78830910 
-0.28762352 
0.60306871 
3.86037827 
0.33967495 
-1.56355226 
2.78798318 
3.00285554 
-1.48298931 
-2.39135838 
-1.12896502 
0.25677741 
-3.49403095 
1.18602562 
2.64190650 
-0.53915286 
4.17554092 
1.84855473 
-1.43887591 
-1.23544014 
1.19451499 
0.26938021 
-0.47047627 
1.58855796 
4.62447166 
-2.96977496 
1.30359924 
2.86648321 
2.85275364 
-1.06828022 
-0.36131895 
-0.83364272 
-1.00065100 

z2_buf content:
31.53700447 
33.83806992 
31.37496758 
33.56387329 
argmax_tq:33.838070 
tmpq.a[0]:7.039569
node 2, sample in batch-tmpobj.a[0]:21.758930
delt2_buf_fifo content:
0.000000 0.000000 21.758930 0.000000 
delt1_buf content before z1 :

-10.20410442 
-8.23226643 
13.14341736 
-8.93229008 
13.44992065 
8.54390144 
9.31893158 
-2.19967103 
14.95805836 
13.55666256 
2.55355310 
-12.63525963 
12.71598339 
5.46606207 
10.74441624 
-13.43834019 
-8.35870743 
9.91480064 
-11.51211929 
-10.79764557 
4.38770676 
-10.87492466 
-11.07609940 
-8.89718914 
7.73711491 
-10.13569546 
17.54930496 
-5.36040831 
12.87579060 
8.90033817 
-9.23145294 
-10.93244457 
9.17541027 
-5.76365280 
7.36241198 
-10.31306267 
-12.71646595 
10.49301529 
7.20380640 
-11.09277821 
-3.36394191 
-8.00701237 
-5.71399832 
-9.84972382 
11.43340492 
10.35868168 
-10.72714901 
12.80269909 
13.53512669 
2.50738645 
6.68588448 
10.77991486 
0.36180341 
1.28575218 
8.88570881 
10.60065842 
-12.38788700 
11.65101242 
7.02407598 
13.61172104 
-10.08818436 
6.93421745 
-8.87208748 
-10.08574772 

z1_buf content:
-0.51419449 
-1.81692970 
-0.22704118 
-1.00025272 
0.36953160 
0.08557332 
0.56803203 
-0.94342369 
0.25429457 
0.80218750 
0.62449312 
-0.43484855 
-0.01287240 
0.75127351 
-0.31638527 
-0.94742858 
-0.64105201 
1.61107635 
-1.52703691 
-1.38002181 
0.12324196 
-0.11434603 
-0.66330308 
-0.33340740 
0.14373779 
-0.90697366 
-0.78635174 
-0.40454641 
0.63187790 
1.59092891 
-1.51440573 
-0.14170921 
1.46633708 
-1.44707263 
-0.13503158 
-1.48467147 
-0.31310487 
0.67497265 
-0.44040734 
-0.69803542 
0.77766323 
-0.70865399 
-0.96914375 
-0.22638363 
0.95376062 
0.37923986 
-1.36293685 
-0.15234041 
0.36922958 
1.08537102 
1.68599772 
0.50044906 
0.30895814 
0.88397324 
1.02139473 
-0.34147209 
-0.25577033 
-0.18964867 
0.17651671 
-0.21498838 
-1.04520154 
1.49189770 
-1.49854136 
-1.26629841 

z2_buf content:
7.37165976 
7.10345030 
7.20962381 
6.82925510 

 targ z1_buf content:
-2.20070887 
-0.20224845 
4.24380827 
-0.37106138 
3.15413880 
3.38851261 
2.47314930 
0.59937739 
1.04880226 
1.32334614 
-0.51951563 
-1.67752552 
3.34779191 
1.49520111 
4.80734158 
0.15320504 
-1.03184235 
-1.05284929 
0.86044526 
0.21809280 
-0.58596194 
-3.28860855 
-0.95663929 
-2.95129609 
1.19280505 
-1.21618271 
3.58085656 
1.18895245 
0.41976011 
-0.75702012 
-0.45038664 
-2.83815217 
-0.34304571 
0.64467120 
3.97739077 
0.33943576 
-1.57241189 
2.85916996 
3.07563829 
-1.50237846 
-2.47613263 
-1.13393688 
0.24540305 
-3.57640624 
1.21321654 
2.70801759 
-0.56698942 
4.30023670 
1.88793325 
-1.47042084 
-1.25976157 
1.19770062 
0.30594563 
-0.44851720 
1.61624098 
4.75048876 
-3.04278898 
1.29158235 
2.92868876 
2.90736580 
-1.12011552 
-0.35017025 
-0.88389421 
-1.01271892 

z2_buf content:
32.17202759 
34.54574585 
32.00999069 
34.27154922 
argmax_tq:34.545746 
tmpq.a[0]:7.209624
node 2, sample in batch-tmpobj.a[0]:22.126499
delt2_buf_fifo content:
0.000000 0.000000 22.126499 0.000000 
delt1_buf content before z1 :

-10.37648010 
-8.37133217 
13.36544704 
-9.08318138 
13.67712784 
8.68823147 
9.47635365 
-2.23682952 
15.21074200 
13.78567219 
2.59668994 
-12.84870434 
12.93079185 
5.55839920 
10.92591953 
-13.66535187 
-8.49990940 
10.08228874 
-11.70659161 
-10.98004818 
4.46182775 
-11.05863190 
-11.26320553 
-9.04748821 
7.86781645 
-10.30691624 
17.84576225 
-5.45096064 
13.09329796 
9.05068970 
-9.38739777 
-11.11712456 
9.33040810 
-5.86101675 
7.48678398 
-10.48727894 
-12.93128300 
10.67027187 
7.32549858 
-11.28016567 
-3.42076826 
-8.14227295 
-5.81052351 
-10.01611233 
11.62654686 
10.53366852 
-10.90836048 
13.01897240 
13.76377296 
2.54974318 
6.79882765 
10.96201801 
0.36791527 
1.30747211 
9.03581333 
10.77973270 
-12.59715271 
11.84782982 
7.14273214 
13.84166050 
-10.25860214 
7.05135536 
-9.02196121 
-10.25612450 

z1_buf content:
-0.53768492 
-1.86535668 
-0.10635021 
-0.96093804 
0.47044984 
0.16979855 
0.61700314 
-0.94905967 
0.23076361 
0.83317018 
0.62159193 
-0.46282047 
0.07814157 
0.79353172 
-0.18999952 
-0.91175508 
-0.64345992 
1.53255916 
-1.48378778 
-1.33407974 
0.07293949 
-0.18472511 
-0.65013731 
-0.39499518 
0.16053322 
-0.90741390 
-0.72687519 
-0.35839480 
0.60569024 
1.52745605 
-1.49713218 
-0.19155246 
1.41091490 
-1.40547001 
-0.01801908 
-1.48491073 
-0.32196447 
0.74615967 
-0.36762455 
-0.71742463 
0.69288892 
-0.71362585 
-0.98051810 
-0.30875897 
0.98095167 
0.44535100 
-1.39077365 
-0.02764463 
0.40860832 
1.05382597 
1.66167641 
0.50363469 
0.34552360 
0.90593213 
1.04907775 
-0.21545517 
-0.32878441 
-0.20166568 
0.23872226 
-0.16037619 
-1.09703684 
1.50304615 
-1.54879272 
-1.27836633 

z2_buf content:
7.58738232 
7.34023142 
7.42534637 
7.06603622 

 targ z1_buf content:
-2.22419953 
-0.25067544 
4.36449909 
-0.33174682 
3.25505686 
3.47273803 
2.52212048 
0.59374136 
1.02527142 
1.35432887 
-0.52241683 
-1.70549726 
3.43880582 
1.53745925 
4.93372726 
0.18887854 
-1.03425002 
-1.13136649 
0.90369439 
0.26403487 
-0.63626456 
-3.35898757 
-0.94347352 
-3.01288390 
1.20960057 
-1.21662295 
3.64033294 
1.23510408 
0.39357245 
-0.82049280 
-0.43311319 
-2.88799524 
-0.39846772 
0.68627387 
4.09440327 
0.33919656 
-1.58127141 
2.93035698 
3.14842129 
-1.52176762 
-2.56090689 
-1.13890862 
0.23402870 
-3.65878129 
1.24040735 
2.77412868 
-0.59482634 
4.42493248 
1.92731214 
-1.50196576 
-1.28408277 
1.20088637 
0.34251106 
-0.42655843 
1.64392400 
4.87650537 
-3.11580300 
1.27956498 
2.99089408 
2.96197796 
-1.17195082 
-0.33902156 
-0.93414581 
-1.02478671 

z2_buf content:
32.80705261 
35.25341415 
32.64501572 
34.97921753 
argmax_tq:35.253414 
tmpq.a[0]:7.425346
node 2, sample in batch-tmpobj.a[0]:22.402721
delt2_buf_fifo content:
0.000000 0.000000 22.402721 0.000000 
delt1_buf content before z1 :

-10.50601768 
-8.47583771 
13.53229809 
-9.19657421 
13.84786987 
8.79669380 
9.59465504 
-2.26475358 
15.40062904 
13.95776939 
2.62910628 
-13.00910473 
13.09221745 
5.62778902 
11.06231594 
-13.83594704 
-8.60601997 
10.20815372 
-11.85273361 
-11.11711979 
4.51752806 
-11.19668579 
-11.40381336 
-9.16043472 
7.96603632 
-10.43558502 
18.06854439 
-5.51900911 
13.25675201 
9.16367626 
-9.50458813 
-11.25590801 
9.44688702 
-5.93418455 
7.58024740 
-10.61819935 
-13.09271431 
10.80347729 
7.41694880 
-11.42098522 
-3.46347237 
-8.24391937 
-5.88306093 
-10.14115143 
11.77169037 
10.66516876 
-11.04453754 
13.18149853 
13.93559647 
2.58157372 
6.88370275 
11.09886551 
0.37250826 
1.32379436 
9.14861488 
10.91430473 
-12.75441265 
11.99573612 
7.23190069 
14.01445675 
-10.38666821 
7.13938332 
-9.13459015 
-10.38415909 

z1_buf content:
-0.56117547 
-1.91378355 
0.01434070 
-0.92162335 
0.57136828 
0.25402379 
0.66597414 
-0.95469558 
0.20723271 
0.86415285 
0.61869067 
-0.49079233 
0.16915560 
0.83578998 
-0.06361371 
-0.87608147 
-0.64586753 
1.45404196 
-1.44053864 
-1.28813767 
0.02263707 
-0.25510418 
-0.63697165 
-0.45658302 
0.17732869 
-0.90785408 
-0.66739875 
-0.31224310 
0.57950252 
1.46398318 
-1.47985888 
-0.24139571 
1.35549283 
-1.36386752 
0.09899351 
-1.48514974 
-0.33082405 
0.81734675 
-0.29484177 
-0.73681396 
0.60811454 
-0.71859777 
-0.99189246 
-0.39113429 
1.00814259 
0.51146209 
-1.41861033 
0.09705120 
0.44798702 
1.02228105 
1.63735497 
0.50682032 
0.38208890 
0.92789102 
1.07676077 
-0.08943826 
-0.40179858 
-0.21368261 
0.30092776 
-0.10576391 
-1.14887190 
1.51419473 
-1.59904420 
-1.29043424 

z2_buf content:
7.90988827 
7.70364952 
7.74785233 
7.42945433 

 targ z1_buf content:
-2.24768996 
-0.29910266 
4.48518991 
-0.29243213 
3.35597563 
3.55696321 
2.57109141 
0.58810526 
1.00174034 
1.38531148 
-0.52531791 
-1.73346925 
3.52981997 
1.57971764 
5.06011295 
0.22455209 
-1.03665781 
-1.20988393 
0.94694340 
0.30997688 
-0.68656695 
-3.42936659 
-0.93030798 
-3.07447147 
1.22639608 
-1.21706307 
3.69980955 
1.28125572 
0.36738461 
-0.88396573 
-0.41583979 
-2.93783855 
-0.45388997 
0.72787642 
4.21141577 
0.33895755 
-1.59013104 
3.00154424 
3.22120404 
-1.54115701 
-2.64568138 
-1.14388049 
0.22265434 
-3.74115658 
1.26759839 
2.84023952 
-0.62266302 
4.54962873 
1.96669078 
-1.53351068 
-1.30840421 
1.20407200 
0.37907636 
-0.40459925 
1.67160702 
5.00252247 
-3.18881702 
1.26754808 
3.05309987 
3.01659012 
-1.22378612 
-0.32787287 
-0.98439729 
-1.03685462 

z2_buf content:
33.44207764 
35.96108246 
33.28004074 
35.68688583 
argmax_tq:35.961082 
tmpq.a[0]:7.747852
node 2, sample in batch-tmpobj.a[0]:22.465378
delt2_buf_fifo content:
0.000000 0.000000 22.465378 0.000000 
delt1_buf content before z1 :

-10.53540134 
-8.49954319 
13.57014561 
-9.22229481 
13.88659954 
8.82129669 
9.62148952 
-2.27108788 
15.44370174 
13.99680710 
2.63645959 
-13.04548931 
13.12883377 
5.64352894 
11.09325504 
-13.87464333 
-8.63008976 
10.23670387 
-11.88588333 
-11.14821243 
4.53016281 
-11.22800064 
-11.43570805 
-9.18605423 
7.98831606 
-10.46477127 
18.11907959 
-5.53444481 
13.29382896 
9.18930626 
-9.53116989 
-11.28738880 
9.47330856 
-5.95078135 
7.60144758 
-10.64789677 
-13.12933159 
10.83369255 
7.43769264 
-11.45292759 
-3.47315907 
-8.26697540 
-5.89951468 
-10.16951466 
11.80461311 
10.69499683 
-11.07542706 
13.21836472 
13.97457218 
2.58879375 
6.90295506 
11.12990665 
0.37355009 
1.32749677 
9.17420101 
10.94482994 
-12.79008484 
12.02928543 
7.25212669 
14.05365276 
-10.41571808 
7.15935087 
-9.16013718 
-10.41320229 

z1_buf content:
-0.58466601 
-1.96221030 
0.13503152 
-0.88230872 
0.67228639 
0.33824891 
0.71494520 
-0.96033156 
0.18370184 
0.89513540 
0.61578947 
-0.51876414 
0.26016957 
0.87804818 
0.06277192 
-0.84040797 
-0.64827526 
1.37552476 
-1.39728940 
-1.24219584 
-0.02766535 
-0.32548320 
-0.62380594 
-0.51817083 
0.19412412 
-0.90829432 
-0.60792238 
-0.26609159 
0.55331481 
1.40051043 
-1.46258533 
-0.29123896 
1.30007064 
-1.32226479 
0.21600583 
-1.48538899 
-0.33968365 
0.88853371 
-0.22205898 
-0.75620323 
0.52334034 
-0.72356951 
-1.00326669 
-0.47350949 
1.03533351 
0.57757312 
-1.44644701 
0.22174686 
0.48736563 
0.99073607 
1.61303353 
0.51000601 
0.41865420 
0.94985002 
1.10444379 
0.03657854 
-0.47481260 
-0.22569954 
0.36313322 
-0.05115181 
-1.20070696 
1.52534342 
-1.64929557 
-1.30250204 

z2_buf content:
8.37339306 
8.21683884 
8.21135712 
7.94264412 

 targ z1_buf content:
-2.27118063 
-0.34752929 
4.60588074 
-0.25311762 
3.45689344 
3.64118862 
2.62006283 
0.58246952 
0.97820961 
1.41629422 
-0.52821928 
-1.76144123 
3.62083387 
1.62197566 
5.18649864 
0.26022571 
-1.03906560 
-1.28840113 
0.99019277 
0.35591882 
-0.73686934 
-3.49974585 
-0.91714215 
-3.13605928 
1.24319148 
-1.21750331 
3.75928617 
1.32740736 
0.34119701 
-0.94743854 
-0.39856631 
-2.98768210 
-0.50931203 
0.76947916 
4.32842827 
0.33871859 
-1.59899068 
3.07273102 
3.29398680 
-1.56054616 
-2.73045588 
-1.14885235 
0.21128029 
-3.82353210 
1.29478920 
2.90635061 
-0.65049970 
4.67432404 
2.00606942 
-1.56505585 
-1.33272600 
1.20725775 
0.41564167 
-0.38264066 
1.69929016 
5.12853909 
-3.26183128 
1.25553131 
3.11530519 
3.07120252 
-1.27562094 
-0.31672466 
-1.03464842 
-1.04892254 

z2_buf content:
34.07709122 
36.66875076 
33.91505432 
36.39455414 
argmax_tq:36.668751 
tmpq.a[0]:8.211357
node 2, sample in batch-tmpobj.a[0]:22.246037
delt2_buf_fifo content:
0.000000 0.000000 22.246037 0.000000 
delt1_buf content before z1 :

-10.43253899 
-8.41655731 
13.43765259 
-9.13225269 
13.75101757 
8.73516941 
9.52754974 
-2.24891400 
15.29291725 
13.86014843 
2.61071825 
-12.91811943 
13.00065041 
5.58842802 
10.98494625 
-13.73917770 
-8.54582977 
10.13675785 
-11.76983547 
-11.03936672 
4.48593235 
-11.11837578 
-11.32405472 
-9.09636593 
7.91032219 
-10.36259842 
17.94217300 
-5.48040915 
13.16403389 
9.09958553 
-9.43811226 
-11.17718410 
9.38081551 
-5.89268064 
7.52723074 
-10.54393578 
-13.00114346 
10.72791767 
7.36507416 
-11.34110641 
-3.43924880 
-8.18626118 
-5.84191465 
-10.07022381 
11.68935871 
10.59057617 
-10.96729183 
13.08930683 
13.83813095 
2.56351805 
6.83555794 
11.02123928 
0.36990294 
1.31453574 
9.08462906 
10.83796978 
-12.66520786 
11.91183758 
7.18132067 
13.91644001 
-10.31402397 
7.08945036 
-9.07070255 
-10.31153202 

z1_buf content:
-0.60815650 
-2.01063728 
0.25572246 
-0.84299409 
0.77320468 
0.42247415 
0.76391613 
-0.96596748 
0.16017096 
0.92611814 
0.61288828 
-0.54673612 
0.35118353 
0.92030644 
0.18915769 
-0.80473441 
-0.65068299 
1.29700756 
-1.35404027 
-1.19625378 
-0.07796778 
-0.39586231 
-0.61064017 
-0.57975870 
0.21091957 
-0.90873456 
-0.54844588 
-0.21993995 
0.52712709 
1.33703768 
-1.44531190 
-0.34108222 
1.24464858 
-1.28066206 
0.33301842 
-1.48562801 
-0.34854323 
0.95972073 
-0.14927614 
-0.77559245 
0.43856588 
-0.72854137 
-1.01464105 
-0.55588484 
1.06252456 
0.64368427 
-1.47428370 
0.34644270 
0.52674437 
0.95919114 
1.58871210 
0.51319170 
0.45521951 
0.97180891 
1.13212681 
0.16259548 
-0.54782677 
-0.23771644 
0.42533872 
0.00346041 
-1.25254226 
1.53649187 
-1.69954705 
-1.31456995 

z2_buf content:
8.91861343 
8.81726933 
8.75657749 
8.54307461 

 targ z1_buf content:
-2.29467106 
-0.39595592 
4.72657204 
-0.21380293 
3.55781198 
3.72541380 
2.66903353 
0.57683349 
0.95467854 
1.44727707 
-0.53112042 
-1.78941298 
3.71184778 
1.66423404 
5.31288433 
0.29589915 
-1.04147327 
-1.36691833 
1.03344202 
0.40186095 
-0.78717184 
-3.57012486 
-0.90397644 
-3.19764709 
1.25998700 
-1.21794355 
3.81876278 
1.37355900 
0.31500936 
-1.01091146 
-0.38129279 
-3.03752518 
-0.56473416 
0.81108183 
4.44544125 
0.33847916 
-1.60785031 
3.14391804 
3.36676979 
-1.57993555 
-2.81523013 
-1.15382421 
0.19990593 
-3.90590739 
1.32198024 
2.97246218 
-0.67833638 
4.79902029 
2.04544830 
-1.59660077 
-1.35704720 
1.21044338 
0.45220709 
-0.36068171 
1.72697330 
5.25455666 
-3.33484530 
1.24351418 
3.17751074 
3.12581468 
-1.32745647 
-0.30557621 
-1.08489966 
-1.06099033 

z2_buf content:
34.71211624 
37.37643051 
34.55007935 
37.10223389 
argmax_tq:37.376431 
tmpq.a[0]:8.756577
node 2, sample in batch-tmpobj.a[0]:21.863276
delt2_buf_fifo content:
0.000000 0.000000 21.863276 0.000000 
delt1_buf content before z1 :

-10.25303841 
-8.27174377 
13.20644760 
-8.97512531 
13.51442051 
8.58487415 
9.36362076 
-2.21021962 
15.02978992 
13.62167358 
2.56579876 
-12.69585228 
12.77696323 
5.49227476 
10.79594135 
-13.50278378 
-8.39879131 
9.96234703 
-11.56732655 
-10.84942532 
4.40874815 
-10.92707539 
-11.12921524 
-8.93985653 
7.77421856 
-10.18430138 
17.63346291 
-5.38611412 
12.93753624 
8.94301987 
-9.27572250 
-10.98487186 
9.21941090 
-5.79129219 
7.39771891 
-10.36251926 
-12.77744770 
10.54333496 
7.23835230 
-11.14597416 
-3.38007379 
-8.04541016 
-5.74139977 
-9.89695835 
11.48823357 
10.40835667 
-10.77859116 
12.86409473 
13.60003471 
2.51941061 
6.71794653 
10.83161068 
0.36353844 
1.29191804 
8.92832088 
10.65149403 
-12.44729328 
11.70688438 
7.05776024 
13.67699623 
-10.13656235 
6.96747065 
-8.91463375 
-10.13411427 

z1_buf content:
-0.63164699 
-2.05906391 
0.37641335 
-0.80367953 
0.87412304 
0.50669932 
0.81288725 
-0.97160345 
0.13663998 
0.95710075 
0.60998708 
-0.57470798 
0.44219756 
0.96256465 
0.31554347 
-0.76906085 
-0.65309072 
1.21849036 
-1.31079102 
-1.15031171 
-0.12827027 
-0.46624142 
-0.59747452 
-0.64134651 
0.22771503 
-0.90917480 
-0.48896939 
-0.17378831 
0.50093937 
1.27356482 
-1.42803836 
-0.39092547 
1.18922639 
-1.23905957 
0.45003092 
-1.48586726 
-0.35740277 
1.03090775 
-0.07649335 
-0.79498172 
0.35379153 
-0.73351318 
-1.02601540 
-0.63826013 
1.08971548 
0.70979530 
-1.50212061 
0.47113851 
0.56612307 
0.92764616 
1.56439078 
0.51637739 
0.49178490 
0.99376792 
1.15980983 
0.28861243 
-0.62084091 
-0.24973351 
0.48754418 
0.05807263 
-1.30437756 
1.54764044 
-1.74979854 
-1.32663774 

z2_buf content:
9.49583054 
9.44431114 
9.33379459 
9.17011642 

 targ z1_buf content:
-2.31816149 
-0.44438303 
4.84726238 
-0.17448825 
3.65873003 
3.80963898 
2.71800470 
0.57119751 
0.93114793 
1.47825956 
-0.53402162 
-1.81738496 
3.80286169 
1.70649219 
5.43927002 
0.33157283 
-1.04388094 
-1.44543529 
1.07669091 
0.44780284 
-0.83747435 
-3.64050388 
-0.89081079 
-3.25923491 
1.27678227 
-1.21838379 
3.87823915 
1.41971064 
0.28882152 
-1.07438421 
-0.36401936 
-3.08736849 
-0.62015641 
0.85268444 
4.56245327 
0.33824009 
-1.61670995 
3.21510506 
3.43955231 
-1.59932470 
-2.90000463 
-1.15879607 
0.18853158 
-3.98828268 
1.34917140 
3.03857279 
-0.70617330 
4.92371607 
2.08482695 
-1.62814546 
-1.38136840 
1.21362901 
0.48877239 
-0.33872265 
1.75465608 
5.38057327 
-3.40785956 
1.23149717 
3.23971629 
3.18042660 
-1.37929130 
-0.29442751 
-1.13515151 
-1.07305837 

z2_buf content:
35.34714508 
38.08408737 
35.18510818 
37.80989075 
argmax_tq:38.084087 
tmpq.a[0]:9.333795
node 2, sample in batch-tmpobj.a[0]:21.416498
delt2_buf_fifo content:
0.000000 0.000000 21.416498 0.000000 
delt1_buf content before z1 :

-10.04351711 
-8.10271072 
12.93657303 
-8.79171848 
13.23825169 
8.40944195 
9.17227459 
-2.16505361 
14.72265530 
13.34331417 
2.51336646 
-12.43641186 
12.51586533 
5.38003969 
10.57532501 
-13.22685432 
-8.22716141 
9.75876617 
-11.33094692 
-10.62771702 
4.31865501 
-10.70378017 
-10.90178871 
-8.75716972 
7.61535168 
-9.97618484 
17.27312279 
-5.27604866 
12.67315674 
8.76026917 
-9.08617210 
-10.76039505 
9.03101158 
-5.67294693 
7.24654579 
-10.15076065 
-12.51634026 
10.32788086 
7.09043598 
-10.91820526 
-3.31100178 
-7.88100147 
-5.62407398 
-9.69471264 
11.25347137 
10.19566154 
-10.55832958 
12.60121632 
13.32211685 
2.46792626 
6.58066511 
10.61026573 
0.35610953 
1.26551759 
8.74586964 
10.43383026 
-12.19293213 
11.46765423 
6.91353416 
13.39750576 
-9.92942142 
6.82508993 
-8.73246288 
-9.92702293 

WA2 content after BatchS:
0.00000000 0.00000000 0.00000000 0.00000000 
0.00000000 0.00000000 0.00000000 0.00000000 
0.00000000 0.00000000 16.97847176 0.00000000 
0.00000000 0.00000000 0.00000000 0.00000000 
0.00000000 0.00000000 92.96136475 0.00000000 
0.00000000 0.00000000 39.04655457 0.00000000 
0.00000000 0.00000000 153.05609131 0.00000000 
0.00000000 0.00000000 0.00000000 0.00000000 
0.00000000 0.00000000 102.73770142 0.00000000 
0.00000000 0.00000000 244.88783264 0.00000000 
0.00000000 0.00000000 210.98361206 0.00000000 
0.00000000 0.00000000 0.00000000 0.00000000 
0.00000000 0.00000000 28.48681641 0.00000000 
0.00000000 0.00000000 219.37640381 0.00000000 
0.00000000 0.00000000 12.28986931 0.00000000 
0.00000000 0.00000000 0.00000000 0.00000000 
0.00000000 0.00000000 0.00000000 0.00000000 
0.00000000 0.00000000 597.77233887 0.00000000 
0.00000000 0.00000000 0.00000000 0.00000000 
0.00000000 0.00000000 0.00000000 0.00000000 
0.00000000 0.00000000 84.14114380 0.00000000 
0.00000000 0.00000000 53.98706436 0.00000000 
0.00000000 0.00000000 0.00000000 0.00000000 
0.00000000 0.00000000 15.16062069 0.00000000 
0.00000000 0.00000000 36.00526810 0.00000000 
0.00000000 0.00000000 0.00000000 0.00000000 
0.00000000 0.00000000 0.00000000 0.00000000 
0.00000000 0.00000000 0.00000000 0.00000000 
0.00000000 0.00000000 230.98291016 0.00000000 
0.00000000 0.00000000 579.71044922 0.00000000 
0.00000000 0.00000000 0.00000000 0.00000000 
0.00000000 0.00000000 28.19614410 0.00000000 
0.00000000 0.00000000 531.99255371 0.00000000 
0.00000000 0.00000000 0.00000000 0.00000000 
0.00000000 0.00000000 23.94816017 0.00000000 
0.00000000 0.00000000 0.00000000 0.00000000 
0.00000000 0.00000000 0.00000000 0.00000000 
0.00000000 0.00000000 172.77200317 0.00000000 
0.00000000 0.00000000 0.00000000 0.00000000 
0.00000000 0.00000000 0.00000000 0.00000000 
0.00000000 0.00000000 323.83065796 0.00000000 
0.00000000 0.00000000 0.00000000 0.00000000 
0.00000000 0.00000000 0.00000000 0.00000000 
0.00000000 0.00000000 47.84017944 0.00000000 
0.00000000 0.00000000 298.42077637 0.00000000 
0.00000000 0.00000000 91.24255371 0.00000000 
0.00000000 0.00000000 0.00000000 0.00000000 
0.00000000 0.00000000 24.77779007 0.00000000 
0.00000000 0.00000000 94.26322174 0.00000000 
0.00000000 0.00000000 386.64154053 0.00000000 
0.00000000 0.00000000 582.02337646 0.00000000 
0.00000000 0.00000000 164.92713928 0.00000000 
0.00000000 0.00000000 77.20771027 0.00000000 
0.00000000 0.00000000 279.02603149 0.00000000 
0.00000000 0.00000000 320.66381836 0.00000000 
0.00000000 0.00000000 10.54966545 0.00000000 
0.00000000 0.00000000 34.42776489 0.00000000 
0.00000000 0.00000000 0.00000000 0.00000000 
0.00000000 0.00000000 47.43313217 0.00000000 
0.00000000 0.00000000 1.31936812 0.00000000 
0.00000000 0.00000000 0.00000000 0.00000000 
0.00000000 0.00000000 490.42395020 0.00000000 
0.00000000 0.00000000 0.00000000 0.00000000 
0.00000000 0.00000000 0.00000000 0.00000000 

WA1 content after BatchS:
0.00000000 0.00000000 35.82350540 0.00000000 66.99111176 36.31418610 55.47732544 0.00000000 89.04809570 80.70532227 15.20177650 0.00000000 41.85921478 32.54048157 22.62886810 0.00000000 0.00000000 59.02465057 0.00000000 0.00000000 16.87986183 -18.51869965 0.00000000 -4.02441454 45.72299194 0.00000000 0.00000000 0.00000000 76.65196991 52.98536301 0.00000000 -14.32531548 54.62291718 0.00000000 20.06688118 0.00000000 0.00000000 62.46686554 0.00000000 0.00000000 -20.02617073 0.00000000 0.00000000 -12.90657234 68.06517792 56.98167038 0.00000000 34.89484787 80.57711792 14.92693520 39.80230331 64.17483521 2.13810134 7.65432167 52.89827347 22.32609940 -12.04603195 0.00000000 32.61163712 19.62202644 0.00000000 41.28067780 0.00000000 0.00000000 
0.00000000 0.00000000 22.53579903 0.00000000 36.60344696 21.16928291 19.67835808 0.00000000 31.58624458 28.62698174 5.39222097 0.00000000 25.73058319 11.54243088 14.53981400 0.00000000 0.00000000 20.93662643 0.00000000 0.00000000 3.32768202 3.98079538 0.00000000 5.84939289 19.33740234 0.00000000 0.00000000 0.00000000 27.18921471 18.79443550 0.00000000 5.61110115 19.37528992 0.00000000 12.62364578 0.00000000 0.00000000 24.39445114 0.00000000 0.00000000 -7.10348129 0.00000000 0.00000000 5.05539227 24.14339447 28.68419266 0.00000000 21.95160103 31.46683502 5.29473257 14.11827469 22.76345062 0.90425658 2.71506381 18.76354218 14.34527493 7.55423021 0.00000000 18.43754196 12.85340118 0.00000000 14.64266872 0.00000000 0.00000000 
0.00000000 0.00000000 9.24809551 0.00000000 6.21577835 6.02437973 -16.12060928 0.00000000 -25.87561035 -23.45136452 -4.41733313 0.00000000 9.60195065 -9.45561790 6.45076084 0.00000000 0.00000000 -17.15138817 0.00000000 0.00000000 -10.22449780 26.48028946 0.00000000 15.72320080 -7.04819202 0.00000000 0.00000000 0.00000000 -22.27353477 -15.39649391 0.00000000 25.54751778 -15.87233353 0.00000000 5.18040943 0.00000000 0.00000000 -13.67796135 0.00000000 0.00000000 5.81920624 0.00000000 0.00000000 23.01735687 -19.77838707 0.38671494 0.00000000 9.00835514 -17.64344788 -4.33747101 -11.56576061 -18.64793015 -0.32958800 -2.22419381 -15.37119198 6.36445141 27.15449142 0.00000000 4.26344395 6.08477545 0.00000000 -11.99534607 0.00000000 0.00000000 
0.00000000 0.00000000 -4.03960991 0.00000000 -24.17188644 -9.12052250 -51.91957474 0.00000000 -83.33745575 -75.52970886 -14.22688961 0.00000000 -6.52668190 -30.45366478 -1.63829207 0.00000000 0.00000000 -55.23940277 0.00000000 0.00000000 -23.77667809 48.97978210 0.00000000 25.59700775 -33.43378067 0.00000000 0.00000000 0.00000000 -71.73628235 -49.58742142 0.00000000 45.48393250 -51.11996460 0.00000000 -2.26282644 0.00000000 0.00000000 -51.75037766 0.00000000 0.00000000 18.74189568 0.00000000 0.00000000 40.97932053 -63.70018005 -27.91076088 0.00000000 -3.93489027 -66.75373077 -13.96967602 -37.24979019 -60.05931473 -1.56343246 -7.16345119 -49.50591660 -1.61637211 46.75475693 0.00000000 -9.91065311 -0.68384999 0.00000000 -38.63336182 0.00000000 0.00000000 
0.00000000 0.00000000 -17.32731438 0.00000000 -54.55955124 -24.26542473 -87.71854401 0.00000000 -140.79931641 -127.60806274 -24.03644371 0.00000000 -22.65531540 -51.45171738 -9.72734547 0.00000000 0.00000000 -93.32741547 0.00000000 0.00000000 -37.32885742 71.47927856 0.00000000 35.47081757 -59.81937408 0.00000000 0.00000000 0.00000000 -121.19904327 -83.77835083 0.00000000 65.42034912 -86.36759186 0.00000000 -9.70606232 0.00000000 0.00000000 -89.82278442 0.00000000 0.00000000 31.66458511 0.00000000 0.00000000 58.94128799 -107.62196350 -56.20824051 0.00000000 -16.87813568 -115.86401367 -23.60187912 -62.93383026 -101.47069550 -2.79727721 -12.10270786 -83.64064789 -9.59719563 66.35501862 0.00000000 -24.08475304 -7.45247555 0.00000000 -65.27136993 0.00000000 0.00000000 
0.00000000 0.00000000 -30.61501884 0.00000000 -84.94721985 -39.41032410 -123.51751709 0.00000000 -198.26116943 -179.68637085 -33.84599686 0.00000000 -38.78394318 -72.44976044 -17.81639862 0.00000000 0.00000000 -131.41543579 0.00000000 0.00000000 -50.88103867 93.97876740 0.00000000 45.34461975 -86.20497131 0.00000000 0.00000000 0.00000000 -170.66178894 -117.96928406 0.00000000 85.35676575 -121.61521149 0.00000000 -17.14929771 0.00000000 0.00000000 -127.89520264 0.00000000 0.00000000 44.58726883 0.00000000 0.00000000 76.90324402 -151.54373169 -84.50571442 0.00000000 -29.82138252 -164.97427368 -33.23408127 -88.61785889 -142.88206482 -4.03112173 -17.04196548 -117.77537537 -17.57801819 85.95527649 0.00000000 -38.25885010 -14.22110081 0.00000000 -91.90937805 0.00000000 0.00000000 
0.00000000 0.00000000 -43.90272522 0.00000000 -115.33489227 -54.55522919 -159.31648254 0.00000000 -255.72302246 -231.76473999 -43.65555191 0.00000000 -54.91257858 -93.44781494 -25.90545082 0.00000000 0.00000000 -169.50344849 0.00000000 0.00000000 -64.43321991 116.47827911 0.00000000 55.21842957 -112.59056091 0.00000000 0.00000000 0.00000000 -220.12452698 -152.16021729 0.00000000 105.29318237 -156.86282349 0.00000000 -24.59253311 0.00000000 0.00000000 -165.96762085 0.00000000 0.00000000 57.50995636 0.00000000 0.00000000 94.86521912 -195.46551514 -112.80319214 0.00000000 -42.76462555 -214.08457947 -42.86628342 -114.30191040 -184.29345703 -5.26496601 -21.98122406 -151.91011047 -25.55884361 105.55554199 0.00000000 -52.43294525 -20.98972702 0.00000000 -118.54739380 0.00000000 0.00000000 
0.00000000 0.00000000 -57.19042587 0.00000000 -145.72256470 -69.70013428 -195.11543274 0.00000000 -313.18487549 -283.84307861 -53.46510696 0.00000000 -71.04121399 -114.44587708 -33.99450302 0.000000enqueue
executed kernel
q.finish
hi
TEST PASSED
00 0.00000000 -207.59146118 0.00000000 0.00000000 -77.98539734 138.97776794 0.00000000 65.09223938 -138.97616577 0.00000000 0.00000000 0.00000000 -269.58728027 -186.35115051 0.00000000 125.22959900 -192.11045837 0.00000000 -32.03576660 0.00000000 0.00000000 -204.04002380 0.00000000 0.00000000 70.43264771 0.00000000 0.00000000 112.82717896 -239.38729858 -141.10067749 0.00000000 -55.70787048 -263.19485474 -52.49848938 -139.98593140 -225.70481873 -6.49881124 -26.92048073 -186.04481506 -33.53966522 125.15580750 0.00000000 -66.60704041 -27.75835037 0.00000000 -145.18540955 0.00000000 0.00000000 

w1bram updated.

w2bram updated.

Transfer.
The maximum depth reached by any of the 12 hls::stream() instances in the design is 64
