w1/w2 shapes: (8, 64) (64, 4)
in_acts: [[ 2.  3.  4.  5.]
 [ 1.  0. -1. -2.]
 [ 2.  3.  4.  5.]
 [ 1.  0. -1. -2.]
 [ 2.  3.  4.  5.]
 [ 1.  0. -1. -2.]
 [ 2.  3.  4.  5.]
 [ 1.  0. -1. -2.]
 [ 2.  3.  4.  5.]
 [ 1.  0. -1. -2.]
 [ 2.  3.  4.  5.]
 [ 1.  0. -1. -2.]
 [ 2.  3.  4.  5.]
 [ 1.  0. -1. -2.]
 [ 2.  3.  4.  5.]
 [ 1.  0. -1. -2.]]
in_q.shape: (16, 12)
Sin_q: [[ 0.   -0.25 -0.5  -0.75 -1.   -1.25 -1.5  -1.75  2.    3.    4.    5.  ]
 [ 1.    0.75  0.5   0.25  0.   -0.25 -0.5  -0.75  1.    0.   -1.   -2.  ]
 [ 2.    1.75  1.5   1.25  1.    0.75  0.5   0.25  2.    3.    4.    5.  ]
 [ 3.    2.75  2.5   2.25  2.    1.75  1.5   1.25  1.    0.   -1.   -2.  ]
 [ 4.    3.75  3.5   3.25  3.    2.75  2.5   2.25  2.    3.    4.    5.  ]
 [ 5.    4.75  4.5   4.25  4.    3.75  3.5   3.25  1.    0.   -1.   -2.  ]
 [ 6.    5.75  5.5   5.25  5.    4.75  4.5   4.25  2.    3.    4.    5.  ]
 [ 7.    6.75  6.5   6.25  6.    5.75  5.5   5.25  1.    0.   -1.   -2.  ]
 [ 8.    7.75  7.5   7.25  7.    6.75  6.5   6.25  2.    3.    4.    5.  ]
 [ 9.    8.75  8.5   8.25  8.    7.75  7.5   7.25  1.    0.   -1.   -2.  ]
 [10.    9.75  9.5   9.25  9.    8.75  8.5   8.25  2.    3.    4.    5.  ]
 [11.   10.75 10.5  10.25 10.    9.75  9.5   9.25  1.    0.   -1.   -2.  ]
 [12.   11.75 11.5  11.25 11.   10.75 10.5  10.25  2.    3.    4.    5.  ]
 [13.   12.75 12.5  12.25 12.   11.75 11.5  11.25  1.    0.   -1.   -2.  ]
 [14.   13.75 13.5  13.25 13.   12.75 12.5  12.25  2.    3.    4.    5.  ]
 [15.   14.75 14.5  14.25 14.   13.75 13.5  13.25  1.    0.   -1.   -2.  ]]
Snt: [[0.   0.   0.   0.   0.   0.   0.   0.  ]
 [0.25 0.25 0.25 0.25 0.25 0.25 0.25 0.25]
 [0.5  0.5  0.5  0.5  0.5  0.5  0.5  0.5 ]
 [0.75 0.75 0.75 0.75 0.75 0.75 0.75 0.75]
 [1.   1.   1.   1.   1.   1.   1.   1.  ]
 [1.25 1.25 1.25 1.25 1.25 1.25 1.25 1.25]
 [1.5  1.5  1.5  1.5  1.5  1.5  1.5  1.5 ]
 [1.75 1.75 1.75 1.75 1.75 1.75 1.75 1.75]
 [2.   2.   2.   2.   2.   2.   2.   2.  ]
 [2.25 2.25 2.25 2.25 2.25 2.25 2.25 2.25]
 [2.5  2.5  2.5  2.5  2.5  2.5  2.5  2.5 ]
 [2.75 2.75 2.75 2.75 2.75 2.75 2.75 2.75]
 [3.   3.   3.   3.   3.   3.   3.   3.  ]
 [3.25 3.25 3.25 3.25 3.25 3.25 3.25 3.25]
 [3.5  3.5  3.5  3.5  3.5  3.5  3.5  3.5 ]
 [3.75 3.75 3.75 3.75 3.75 3.75 3.75 3.75]]
z1_q: [[ -1.96580405   0.28202039   3.03689912 ...  -0.46165609  -0.3813796
   -0.89204007]
 [  0.23270021  -5.36868668   0.12974575 ...   3.77990845  -4.12324661
   -2.00259315]
 [ -2.90542386  -1.65505546   7.86453536 ...  -0.0157131   -2.39143777
   -1.37475532]
 ...
 [ -5.40501864 -16.9911418   29.0955632  ...   6.45556644 -16.1835956
   -4.89888465]
 [ -8.54314271 -13.27751058  36.83035281 ...   2.65994489 -14.45178676
   -4.27104681]
 [ -6.34463845 -18.92821765  33.92319945 ...   6.90150943 -18.19365376
   -5.3815999 ]]
a1_q: [[ 0.          0.28202039  3.03689912 ...  0.          0.
   0.        ]
 [ 0.23270021  0.          0.12974575 ...  3.77990845  0.
   0.        ]
 [ 0.          0.          7.86453536 ...  0.          0.
   0.        ]
 ...
 [ 0.          0.         29.0955632  ...  6.45556644  0.
   0.        ]
 [ 0.          0.         36.83035281 ...  2.65994489  0.
   0.        ]
 [ 0.          0.         33.92319945 ...  6.90150943  0.
   0.        ]]
z2_q (qvals): [[ 25.55969341]
 [ 10.0813225 ]
 [ 51.06583465]
 [ 33.81904918]
 [ 76.6287502 ]
 [ 59.55259372]
 [102.19627874]
 [ 85.22017161]
 [127.96642919]
 [110.74468623]
 [153.73657964]
 [136.49668398]
 [179.50673009]
 [162.24868174]
 [205.27688054]
 [188.00067949]]
========================================z1_pi===========================================:
z1_pi_targ[0]: [-1.12254679 -0.52532017  0.80147445 -1.07880354  0.75265217  0.89479113
  1.03088033 -0.1156636   0.88685751  0.75294036  0.08150084 -0.77646822
  0.75731993  0.70065492  0.98162055 -0.75384712 -0.81236994  1.06428552
 -0.76578748 -1.04038453  0.27166444 -0.99768639 -0.9416284  -1.02647352
  0.50031698 -1.05717587  0.80248797 -0.06931312  0.78769606  1.05168283
 -1.15513074 -0.99149835  1.11586702 -0.81722695  0.75105458 -0.57022655
 -0.85416251  1.05520117  0.58978754 -0.90631437 -0.00149123 -0.87157708
 -0.24812706 -1.07764196  0.81157893  0.88251799 -0.68659574  0.82699049
  0.73479468  0.12292468  0.45633203  0.81721807 -0.05820168 -0.00186146
  1.0419873   0.94433939 -0.91913849  0.67113632  0.93054783  0.80006677
 -0.5643068   0.45937786 -0.68870318 -1.01882982]
a1_pi_targ[0]: [0.         0.         0.80147445 0.         0.75265217 0.89479113
 1.03088033 0.         0.88685751 0.75294036 0.08150084 0.
 0.75731993 0.70065492 0.98162055 0.         0.         1.06428552
 0.         0.         0.27166444 0.         0.         0.
 0.50031698 0.         0.80248797 0.         0.78769606 1.05168283
 0.         0.         1.11586702 0.         0.75105458 0.
 0.         1.05520117 0.58978754 0.         0.         0.
 0.         0.         0.81157893 0.88251799 0.         0.82699049
 0.73479468 0.12292468 0.45633203 0.81721807 0.         0.
 1.0419873  0.94433939 0.         0.67113632 0.93054783 0.80006677
 0.         0.45937786 0.         0.        ]
checkpt: 12.627634465180396
========================================w2_pi===========================================:
[[-0.46896169 -0.47670731 -0.46896169 -0.47670731]
 [-0.37833965  0.02283986 -0.37833965  0.02283986]
 [ 0.60404706  0.63155007  0.60404706  0.63155007]
 [-0.41051146 -0.64048141 -0.41051146 -0.64048141]
 [ 0.61813337  0.54107893  0.61813337  0.54107893]
 [ 0.39266184  0.51676685  0.39266184  0.51676685]
 [ 0.42828077  0.61197352  0.42828077  0.61197352]
 [-0.10109279  0.02117752 -0.10109279  0.02117752]
 [ 0.68744457  0.47567359  0.68744457  0.47567359]
 [ 0.62303901  0.37757468  0.62303901  0.37757468]
 [ 0.11735656 -0.11833798  0.11735656 -0.11833798]
 [-0.58069307 -0.63047141 -0.58069307 -0.63047141]
 [ 0.58440298  0.53950363  0.58440298  0.53950363]
 [ 0.25121006  0.61774099  0.25121006  0.61774099]
 [ 0.4937934   0.53734326  0.4937934   0.53734326]
 [-0.61760116 -0.50006419 -0.61760116 -0.50006419]
 [-0.38415065 -0.55394965 -0.38415065 -0.55394965]
 [ 0.4556658   0.48201174  0.4556658   0.48201174]
 [-0.52907562 -0.44343817 -0.52907562 -0.44343817]
 [-0.49623972 -0.66367251 -0.49623972 -0.66367251]
 [ 0.20165086  0.11484538  0.20165086  0.11484538]
 [-0.49979132 -0.62553209 -0.49979132 -0.62553209]
 [-0.50903696 -0.53005928 -0.50903696 -0.53005928]
 [-0.40889829 -0.58583087 -0.40889829 -0.58583087]
 [ 0.35558343  0.51026142  0.35558343  0.51026142]
 [-0.46581775 -0.5211271  -0.46581775 -0.5211271 ]
 [ 0.80653346  0.46706101  0.80653346  0.46706101]
 [-0.2463544   0.17123681 -0.2463544   0.17123681]
 [ 0.5917474   0.62639523  0.5917474   0.62639523]
 [ 0.40904301  0.59236646  0.40904301  0.59236646]
 [-0.42426041 -0.56717694 -0.42426041 -0.56717694]
 [-0.50243485 -0.56419635 -0.50243485 -0.56419635]
 [ 0.4216848   0.61333585  0.4216848   0.61333585]
 [-0.26488677 -0.52924222 -0.26488677 -0.52924222]
 [ 0.33836278  0.5613265   0.33836278  0.5613265 ]
 [-0.47396919 -0.02346634 -0.47396919 -0.02346634]
 [-0.58442515 -0.57589489 -0.58442515 -0.57589489]
 [ 0.48223948  0.60855752  0.48223948  0.60855752]
 [ 0.33107355  0.28702402  0.33107355  0.28702402]
 [-0.50980347 -0.50740242 -0.50980347 -0.50740242]
 [-0.15460052  0.03157697 -0.15460052  0.03157697]
 [-0.36798739 -0.61111099 -0.36798739 -0.61111099]
 [-0.26260474  0.11659053 -0.26260474  0.11659053]
 [-0.45267498 -0.52360988 -0.45267498 -0.52360988]
 [ 0.52545804  0.46553168  0.52545804  0.46553168]
 [ 0.47606575  0.63537401  0.47606575  0.63537401]
 [-0.49299982 -0.30910513 -0.49299982 -0.30910513]
 [ 0.58838826  0.56742907  0.58838826  0.56742907]
 [ 0.62204927  0.64707047  0.62204927  0.64707047]
 [ 0.11523482 -0.0296816   0.11523482 -0.0296816 ]
 [ 0.30727082  0.06090688  0.30727082  0.06090688]
 [ 0.49542487  0.6723721   0.49542487  0.6723721 ]
 [ 0.01662781 -0.07643172  0.01662781 -0.07643172]
 [ 0.05909078 -0.20803501  0.05909078 -0.20803501]
 [ 0.40837067  0.61211628  0.40837067  0.61211628]
 [ 0.48718655  0.54400355  0.48718655  0.54400355]
 [-0.56932425 -0.6282317  -0.56932425 -0.6282317 ]
 [ 0.53545886  0.18616967  0.53545886  0.18616967]
 [ 0.32281348  0.49875414  0.32281348  0.49875414]
 [ 0.6255694   0.52026176  0.6255694   0.52026176]
 [-0.46363422 -0.21698964 -0.46363422 -0.21698964]
 [ 0.31868374 -0.03358058  0.31868374 -0.03358058]
 [-0.40774465 -0.18266666 -0.40774465 -0.18266666]
 [-0.46352223 -0.60304445 -0.46352223 -0.60304445]]
z2_pi_targ (q_targ vals): [[12.62763447 12.87847331 12.16559842 12.87847331]
 [15.68879808 16.26178661 15.22676204 16.26178661]
 [18.79478302 19.6750552  18.33274697 19.6750552 ]
 [21.9565372  23.14533325 21.49450115 23.14533325]
 [25.28739115 26.82914878 24.82535511 26.82914878]
 [28.54882229 30.44800162 28.08678624 30.44800162]
 [31.68746999 33.90544122 31.22543395 33.90544122]
 [34.8640477  37.38109898 34.40201165 37.38109898]
 [38.07922972 40.88391674 37.61719368 40.88391674]
 [41.33791029 44.41683309 40.87587425 44.41683309]
 [44.59659086 47.94974943 44.13455482 47.94974943]
 [47.85527143 51.48266578 47.39323538 51.48266578]
 [51.1406614  55.02486851 50.67862536 55.02486851]
 [54.43151491 58.56897083 53.96947887 58.56897083]
 [57.69945361 62.08243923 57.23741756 62.08243923]
 [60.93035068 65.55327896 60.46831463 65.55327896]]
in_q_targ[0]: [ 0.          0.          0.          0.          0.          0.
  0.          0.         12.62763447 12.87847331 12.16559842 12.87847331]
z1_q_targ[0]: [ -3.90636048  -6.75440751  16.03578615   4.23454654  13.56431204
  11.43871101   6.9711622   -1.12383834  -2.1118917    4.81463905
  -0.29984486  -4.03777771  12.27939868   6.10831064  16.89022963
   4.03203536  -0.88817073  -8.79054233   5.07194134   4.99290525
  -5.8948879   -9.81276533   0.74917652  -9.13199441   2.49049601
  -1.23924616   8.13916578   5.90574332  -2.49062343  -7.00357373
   1.05654824  -7.16660338  -5.89674852   4.54924361  15.50856646
  -0.87246156  -1.81399997  10.26314399   9.53438663  -3.6095973
 -10.7406822   -1.44788083  -1.8652936  -11.38868846   4.07824283
   9.10356416  -3.88788646  16.40652219   5.80998791  -3.68915735
  -2.53271594   1.01878516   4.25633691   3.03082037   4.15794637
  16.74499156 -10.200531    -0.88646016   8.7528373    7.50338369
  -7.05283557   1.93360805  -7.33478734  -2.37279696]
a1_q_targ[0]: [ 0.          0.         16.03578615  4.23454654 13.56431204 11.43871101
  6.9711622   0.          0.          4.81463905  0.          0.
 12.27939868  6.10831064 16.89022963  4.03203536  0.          0.
  5.07194134  4.99290525  0.          0.          0.74917652  0.
  2.49049601  0.          8.13916578  5.90574332  0.          0.
  1.05654824  0.          0.          4.54924361 15.50856646  0.
  0.         10.26314399  9.53438663  0.          0.          0.
  0.          0.          4.07824283  9.10356416  0.         16.40652219
  5.80998791  0.          0.          1.01878516  4.25633691  3.03082037
  4.15794637 16.74499156  0.          0.          8.7528373   7.50338369
  0.          1.93360805  0.          0.        ]
z2_q_targ[0] (qvals): [92.47548764]
out2_q_targ.shape: (16, 1)
rs: [1. 1. 1. 1. 1. 1. 1. 1. 1. 1. 1. 1. 1. 1. 1. 1.]
delt2_q[0]: [-43.35610081]
delt1_q shape: (16, 64) delt2_q shape: (16, 1)
delt1_q before z1:
[[ 21.29302058  17.17836266 -27.42651877 ... -14.46970981  18.513485
   21.04604403]
 [ 46.90680933  37.84254935 -60.41841183 ... -31.87560528  40.78371633
   46.36273988]
 [ 19.68251236  15.87906864 -25.35210035 ... -13.3752861   17.11320834
   19.454216  ]
 ...
 [ 38.00855163  30.66378872 -48.95699277 ... -25.82877851  33.04701407
   37.56769257]
 [ 37.56579458  30.30658993 -48.38669865 ... -25.52790218  32.66205338
   37.13007104]
 [ 37.00525312  29.85436736 -47.66469207 ... -25.14698524  32.17468354
   36.57603127]]
delt1_q after z1:
[[  0.          17.17836266 -27.42651877 ...   0.           0.
    0.        ]
 [ 46.90680933   0.         -60.41841183 ... -31.87560528   0.
    0.        ]
 [  0.           0.         -25.35210035 ...   0.           0.
    0.        ]
 ...
 [  0.           0.         -48.95699277 ... -25.82877851   0.
    0.        ]
 [  0.           0.         -48.38669865 ... -25.52790218   0.
    0.        ]
 [  0.           0.         -47.66469207 ... -25.14698524   0.
    0.        ]]
wa1 shape: (12, 64) wa2 shape: (64, 1)
wa1:
[[   46.90680933     0.         -6015.758124    4047.25953487
  -6156.04489293 -3910.55400924 -4265.28609561    45.10666288
    -57.70465522 -6204.90060654  -629.35791834     0.
  -5820.12097708 -2501.82325443 -4868.34160487  6088.97043871
      0.           -45.57691876  5056.28985846  4892.46007055
      0.            49.99047268  4842.41656198     0.
  -3505.72042793     0.         -7707.9093412   2428.82425117
      0.           -40.91358259  3864.55747717    50.25488522
    -42.17804819  2531.47983929 -3369.78490022  2178.50660176
    235.08547707 -4802.66570333 -3264.07593812     0.
     15.46355948     0.             0.             0.
  -5233.08309781 -4741.18098096     0.         -5859.81079062
  -6195.04374683   -46.35329785  -447.46249904 -4884.42636051
   -165.59785869  -588.49032657 -4066.99967648 -4803.20426509
      0.          -238.91675838 -3182.63935186 -6167.52990959
      0.         -3147.04903005     0.             0.        ]
 [   35.180107      -4.29459067 -5819.31938085  3928.68430623
  -5955.02522149 -3782.85866332 -4126.00731768    40.60961365
    -42.68828588 -6002.28559919  -608.70313113     0.
  -5630.07057509 -2420.12864412 -4720.10547029  5910.57786079
      0.           -34.18268907  4910.78717264  4749.12244506
      0.            37.49285451  4699.51970758     0.
  -3398.97474586     0.         -7486.10213816  2354.86898102
      6.71701442   -30.68518694  3762.19770368    37.69116392
    -26.84692807  2458.6325291  -3259.74784474  2107.78845858
    205.75239136 -4645.83931585 -3164.68808917     0.
     11.59766961     0.            -2.98086623     0.
  -5062.20184805 -4586.36231742     0.         -5668.46435629
  -5992.75060567   -40.56950689  -418.50750485 -4735.7004612
   -160.37916615  -569.94449451 -3934.19574914 -4656.95149737
      0.          -215.09720807 -3085.73116555 -5979.73479003
      0.         -3050.37293324     0.             0.        ]
 [   23.45340467    -8.58918133 -5622.8806377   3810.1090776
  -5754.00555005 -3655.16331741 -3986.72853976    36.11256441
    -27.67191654 -5799.67059184  -588.04834392     0.
  -5440.02017311 -2338.4340338  -4571.8693357   5732.18528287
      0.           -22.78845938  4765.28448681  4605.78481957
      0.            24.99523634  4556.62285318     0.
  -3292.22906378     0.         -7264.29493512  2280.91371087
     13.43402885   -20.4567913   3659.8379302     25.12744261
    -11.51580796  2385.78521891 -3149.71078925  2037.0703154
    176.41930565 -4489.01292837 -3065.30024022     0.
      7.73177974     0.            -5.96173245     0.
  -4891.32059828 -4431.54365388     0.         -5477.11792196
  -5790.45746451   -34.78571592  -389.55251067 -4586.97456188
   -155.16047361  -551.39866246 -3801.39182179 -4510.69872966
      0.          -191.27765777 -2988.82297923 -5791.93967047
      0.         -2953.69683643     0.             0.        ]
 [   11.72670233   -12.883772   -5426.44189455  3691.53384896
  -5552.98587861 -3527.46797149 -3847.44976184    31.61551518
    -12.6555472  -5597.05558449  -567.39355671     0.
  -5249.96977112 -2256.73942349 -4423.63320112  5553.79270494
      0.           -11.39422969  4619.78180099  4462.44719408
      0.            12.49761817  4413.72599878     0.
  -3185.48338171     0.         -7042.48773209  2206.95844071
     20.15104327   -10.22839565  3557.47815672    12.56372131
      3.81531216  2312.93790872 -3039.67373377  1966.35217222
    147.08621993 -4332.1865409  -2965.91239127     0.
      3.86588987     0.            -8.94259868     0.
  -4720.43934851 -4276.72499034     0.         -5285.77148764
  -5588.16432335   -29.00192495  -360.59751648 -4438.24866257
   -149.94178107  -532.8528304  -3668.58789444 -4364.44596195
      0.          -167.45810746 -2891.91479291 -5604.14455091
      0.         -2857.02073962     0.             0.        ]
 [    0.           -17.17836266 -5230.0031514   3572.95862032
  -5351.96620718 -3399.77262558 -3708.17098391    27.11846594
      2.36082213 -5394.44057714  -546.73876951     0.
  -5059.91936914 -2175.04481317 -4275.39706653  5375.40012702
      0.             0.          4474.27911516  4319.10956859
      0.             0.          4270.82914438     0.
  -3078.73769964     0.         -6820.68052905  2133.00317056
     26.86805769     0.          3455.11838324     0.
     19.14643227  2240.09059853 -2929.63667828  1895.63402904
    117.75313422 -4175.36015342 -2866.52454232     0.
      0.             0.           -11.9234649      0.
  -4549.55809874 -4121.9063268      0.         -5094.42505331
  -5385.87118218   -23.21813398  -331.6425223  -4289.52276325
   -144.72308853  -514.30699834 -3535.7839671  -4218.19319424
      0.          -143.63855716 -2795.00660659 -5416.34943135
      0.         -2760.34464281     0.             0.        ]
 [  -11.72670233   -21.47295333 -5033.56440826  3454.38339168
  -5150.94653574 -3272.07727966 -3568.89220599    22.6214167
     17.37719147 -5191.82556979  -526.0839823      0.
  -4869.86896715 -2093.35020286 -4127.16093194  5197.0075491
      0.            11.39422969  4328.77642933  4175.7719431
      0.           -12.49761817  4127.93228997     0.
  -2971.99201757     0.         -6598.87332601  2059.04790041
     33.58507211    10.22839565  3352.75860976   -12.56372131
     34.47755239  2167.24328834 -2819.59962279  1824.91588586
     88.42004851 -4018.53376594 -2767.13669337     0.
     -3.86588987     0.           -14.90433113     0.
  -4378.67684898 -3967.08766326     0.         -4903.07861898
  -5183.57804102   -17.43434301  -302.68752812 -4140.79686394
   -139.50439599  -495.76116629 -3402.98003975 -4071.94042652
      0.          -119.81900685 -2698.09842028 -5228.55431179
      0.         -2663.668546       0.             0.        ]
 [  -23.45340467   -25.76754399 -4837.12566511  3335.80816304
  -4949.9268643  -3144.38193374 -3429.61342807    18.12436747
     32.39356081 -4989.21056244  -505.42919509     0.
  -4679.81856517 -2011.65559255 -3978.92479736  5018.61497118
      0.            22.78845938  4183.27374351  4032.4343176
      0.           -24.99523634  3985.03543557     0.
  -2865.24633549     0.         -6377.06612298  1985.09263026
     40.30208654    20.4567913   3250.39883627   -25.12744261
     49.8086725   2094.39597815 -2709.56256731  1754.19774268
     59.08696279 -3861.70737846 -2667.74884442     0.
     -7.73177974     0.           -17.88519735     0.
  -4207.79559921 -3812.26899972     0.         -4711.73218466
  -4981.28489986   -11.65055205  -273.73253393 -3992.07096463
   -134.28570346  -477.21533423 -3270.1761124  -3925.68765881
      0.           -95.99945655 -2601.19023396 -5040.75919223
      0.         -2566.99244919     0.             0.        ]
 [  -35.180107     -30.06213466 -4640.68692196  3217.2329344
  -4748.90719286 -3016.68658783 -3290.33465015    13.62731823
     47.40993015 -4786.59555509  -484.77440789     0.
  -4489.76816318 -1929.96098223 -3830.68866277  4840.22239326
      0.            34.18268907  4037.77105768  3889.09669211
      0.           -37.49285451  3842.13858117     0.
  -2758.50065342     0.         -6155.25891994  1911.13736011
     47.01910096    30.68518694  3148.03906279   -37.69116392
     65.13979262  2021.54866796 -2599.52551182  1683.4795995
     29.75387708 -3704.88099099 -2568.36099547     0.
    -11.59766961     0.           -20.86606358     0.
  -4036.91434944 -3657.45033618     0.         -4520.38575033
  -4778.99175869    -5.86676108  -244.77753975 -3843.34506531
   -129.06701092  -458.66950217 -3137.37218506 -3779.4348911
      0.           -72.17990624 -2504.28204764 -4852.96407267
      0.         -2470.31635238     0.             0.        ]
 [   46.90680933    34.35672533 -1146.26014687   700.66176541
  -1172.9907981   -745.12839788  -812.72008708    35.97639388
   -120.1309547  -1182.29990866   -82.61914883     0.
  -1108.98287272  -476.70471983  -887.64852225  1054.12285531
      0.           -45.57691876   897.77173635   846.98292281
      0.            49.99047268   784.81225363     0.
   -639.20074018     0.         -1368.58118236   442.84942026
    -53.73611538   -40.91358259   643.38127415    50.25488522
    -80.47091273   449.47799957  -642.08867029   565.74514545
    117.33234285  -915.11396917  -595.14151186     0.
     15.46355948     0.            23.8469298      0.
   -997.12695833  -903.39849035     0.         -1116.54548587
  -1180.42175379   -23.13516387  -115.81997674  -890.58126829
    -30.04354173  -106.7666806   -774.93801286  -875.77198027
      0.          -190.55640244  -580.29311556 -1124.53053924
      0.          -549.05506661     0.             0.        ]
 [    0.            51.53508799 -1081.51552281   679.08255255
  -1106.73633706  -703.04104264  -766.81492616    53.96459083
   -180.19643205 -1115.51963778     0.             0.
  -1046.34379435  -449.77883572  -884.11195171  1021.65763088
      0.             0.           947.28297912   820.89726254
      0.             0.           639.67450808     0.
   -636.65403565     0.         -1444.05711063   441.08501895
    -80.60417307     0.           701.82654067     0.
    -57.43929682   474.26627643  -605.82134504   848.61771818
      0.          -863.42525779  -592.77034818     0.
      0.             0.            35.7703947      0.
   -940.80587779  -852.37150857     0.         -1053.4792457
  -1113.7475674      0.             0.          -887.0330131
    -27.50631474   -97.75005712  -731.16691042  -872.28272827
      0.          -285.83460367  -577.98111089 -1120.05018303
      0.          -487.0520381      0.             0.        ]
 [  -46.90680933    68.71345065 -1016.77089876   657.5033397
  -1040.48187602  -660.95368741  -720.90976523    71.95278777
   -240.2619094  -1048.7393669     82.61914883     0.
   -983.70471597  -422.85295161  -880.57538117   989.19240644
      0.            45.57691876   996.79422189   794.81160227
      0.           -49.99047268   494.53676253     0.
   -634.10733113     0.         -1519.5330389    439.32061765
   -107.47223077    40.91358259   760.27180718   -50.25488522
    -34.4076809    499.05455329  -569.55401979  1131.4902909
   -117.33234285  -811.73654641  -590.3991845      0.
    -15.46355948     0.            47.6938596      0.
   -884.48479725  -801.34452679     0.          -990.41300553
  -1047.07338102    23.13516387   115.81997674  -883.48475791
    -24.96908775   -88.73343364  -687.39580799  -868.79347627
      0.          -381.11280489  -575.66910621 -1115.56982681
      0.          -425.0490096      0.             0.        ]
 [  -93.81361866    85.89181331  -952.0262747    635.92412685
   -974.22741498  -618.86633217  -675.00460431    89.94098471
   -300.32738675  -981.95909602   165.23829766     0.
   -921.0656376   -395.92706751  -877.03881063   956.727182
      0.            91.15383751  1046.30546467   768.72594201
      0.           -99.98094536   349.39901698     0.
   -631.56062661     0.         -1595.00896717   437.55621634
   -134.34028846    81.82716518   818.7170737   -100.50977044
    -11.37606499   523.84283016  -533.28669454  1414.36286363
   -234.6646857   -760.04783502  -588.02802082     0.
    -30.92711896     0.            59.6173245      0.
   -828.16371671  -750.31754501     0.          -927.34676535
   -980.39919464    46.27032774   231.63995347  -879.93650272
    -22.43186076   -79.71681017  -643.62470555  -865.30422427
      0.          -476.39100611  -573.35710153 -1111.0894706
      0.          -363.0459811      0.             0.        ]]
wa2:
[[   -23.27530135]
 [   -12.80502469]
 [-24243.90990766]
 [ -6821.47529454]
 [-21101.9450347 ]
 [-17216.63782466]
 [-10686.09150632]
 [   -66.38595391]
 [   -72.69517566]
 [ -7410.14537493]
 [  -893.00693839]
 [     0.        ]
 [-18489.66176834]
 [ -9657.39495129]
 [-25276.69312197]
 [ -6115.86190573]
 [     0.        ]
 [  -113.45715814]
 [ -6987.27917316]
 [ -7682.0639413 ]
 [     0.        ]
 [   -24.48085525]
 [ -1973.93522622]
 [     0.        ]
 [ -3579.47833108]
 [     0.        ]
 [-11155.44289199]
 [ -8885.09788567]
 [   -30.94946603]
 [  -140.02820516]
 [ -1879.58650365]
 [   -56.113145  ]
 [  -115.49582354]
 [ -6726.10939588]
 [-23639.50549386]
 [  -182.02553258]
 [   -83.11517144]
 [-15400.51943243]
 [-14242.19218251]
 [     0.        ]
 [   -64.06306196]
 [     0.        ]
 [   -16.30690017]
 [     0.        ]
 [ -6849.37235902]
 [-13948.1172182 ]
 [     0.        ]
 [-25173.22514973]
 [ -8480.46871511]
 [  -350.57705996]
 [  -854.14459356]
 [ -1243.5677373 ]
 [ -7984.6966071 ]
 [ -5874.99351589]
 [ -7003.40929193]
 [-25171.81122951]
 [     0.        ]
 [  -143.96641999]
 [-12838.1732058 ]
 [-10821.74276394]
 [     0.        ]
 [ -4470.77731942]
 [     0.        ]
 [     0.        ]]
gr_bias1:
[  46.90680933   17.17836266 -785.7549726   474.30091456 -804.07868575
 -510.78138366 -557.11511169   17.98819694  -60.06547735 -810.4600294
  -82.61914883    0.         -760.20160794 -326.77844125 -592.94453834
  713.57031169    0.          -45.57691876  582.01074331  573.35050196
    0.           49.99047268  571.58741761    0.         -426.98272829
    0.         -887.22881215  295.82108061  -26.86805769  -40.91358259
  409.43909393   50.25488522  -61.32448046  291.38924076 -440.14822194
  282.87257273  117.33234285 -627.30554991 -397.5513958     0.
   15.46355948    0.           11.9234649     0.         -683.52499907
 -619.27465416    0.         -765.38573731 -809.17256465  -23.13516387
 -115.81997674 -594.90359726  -20.87477015  -74.18332823 -531.21570939
 -585.01107085    0.          -95.27820122 -387.63274527 -751.18047824
    0.         -386.70438724    0.            0.        ]
gr_bias2:
-1300.817477
TDs:
[-21.67805041 -48.98709667 -19.96094663 -49.347101   -19.27121712
 -48.8626017  -18.29538007 -47.44800887 -16.98977337 -46.62460883
 -16.0458079  -45.69879605 -15.16832894 -44.91955643 -14.30207952
 -43.86343762]
Qs
[ 25.55969341  10.0813225   51.06583465  33.81904918  76.6287502
  59.55259372 102.19627874  85.22017161 127.96642919 110.74468623
 153.73657964 136.49668398 179.50673009 162.24868174 205.27688054
 188.00067949]
