INFO: Found Xilinx Platform
INFO: Loading './top.xclbin'
the size of buff isx
Host: init input states/actions...

Host: input s content:
0.000000 -0.250000 -0.500000 -0.750000 -1.000000 -1.250000 -1.500000 -1.750000 
0.000000 -0.250000 -0.500000 -0.750000 -1.000000 -1.250000 -1.500000 -1.750000 
0.000000 -0.250000 -0.500000 -0.750000 -1.000000 -1.250000 -1.500000 -1.750000 
0.000000 -0.250000 -0.500000 -0.750000 -1.000000 -1.250000 -1.500000 -1.750000 
0.000000 -0.250000 -0.500000 -0.750000 -1.000000 -1.250000 -1.500000 -1.750000 
0.000000 -0.250000 -0.500000 -0.750000 -1.000000 -1.250000 -1.500000 -1.750000 
0.000000 -0.250000 -0.500000 -0.750000 -1.000000 -1.250000 -1.500000 -1.750000 
0.000000 -0.250000 -0.500000 -0.750000 -1.000000 -1.250000 -1.500000 -1.750000 
0.000000 -0.250000 -0.500000 -0.750000 -1.000000 -1.250000 -1.500000 -1.750000 
0.000000 -0.250000 -0.500000 -0.750000 -1.000000 -1.250000 -1.500000 -1.750000 
0.000000 -0.250000 -0.500000 -0.750000 -1.000000 -1.250000 -1.500000 -1.750000 
0.000000 -0.250000 -0.500000 -0.750000 -1.000000 -1.250000 -1.500000 -1.750000 
0.000000 -0.250000 -0.500000 -0.750000 -1.000000 -1.250000 -1.500000 -1.750000 
0.000000 -0.250000 -0.500000 -0.750000 -1.000000 -1.250000 -1.500000 -1.750000 
0.000000 -0.250000 -0.500000 -0.750000 -1.000000 -1.250000 -1.500000 -1.750000 
0.000000 -0.250000 -0.500000 -0.750000 -1.000000 -1.250000 -1.500000 -1.750000 

Host: input acts content:
2.000000 3.000000 4.000000 5.000000 
1.000000 0.000000 -1.000000 -2.000000 
2.000000 3.000000 4.000000 5.000000 
1.000000 0.000000 -1.000000 -2.000000 
2.000000 3.000000 4.000000 5.000000 
1.000000 0.000000 -1.000000 -2.000000 
2.000000 3.000000 4.000000 5.000000 
1.000000 0.000000 -1.000000 -2.000000 
2.000000 3.000000 4.000000 5.000000 
1.000000 0.000000 -1.000000 -2.000000 
2.000000 3.000000 4.000000 5.000000 
1.000000 0.000000 -1.000000 -2.000000 
2.000000 3.000000 4.000000 5.000000 
1.000000 0.000000 -1.000000 -2.000000 
2.000000 3.000000 4.000000 5.000000 
1.000000 0.000000 -1.000000 -2.000000 

Host: Init input reward/done content...

Host: Init replay insert inputs...
flags set
Learners buffers allocated
Replay buffers allocated

acts:
2026784016 0 0 0 0 0 0 0 0 0 0 0 0 0 0 0 0 0 0 0 0 0 0 0 0 0 0 0 0 0 0 0 0 0 0 0 0 0 0 0 0 0 0 0 0 0 0 0 0 0 0 0 0 0 0 0 0 0 0 0 0 0 0 0 
r:
1.000000 1.000000 1.000000 1.000000 1.000000 1.000000 1.000000 1.000000 1.000000 1.000000 1.000000 1.000000 1.000000 1.000000 1.000000 1.000000 
done:
0 0 0 0 0 0 0 0 0 0 0 0 0 0 0 0 
Weight init.

Input QSin read:
0.00000000 -0.25000000 -0.50000000 -0.75000000 -1.00000000 -1.25000000 -1.50000000 -1.75000000 2.00000000 3.00000000 4.00000000 5.00000000 
Qz1_buf content:
-1.96580410 0.28202057 3.03689909 -0.76420796 2.14495540 2.54626083 1.98343897 0.65573704 1.28411126 1.01351988 -0.49050355 -1.39780664 2.43765211 1.07261872 3.54348373 -0.20353043 -1.00776505 -0.26767737 0.42795372 -0.24132729 -0.08293748 -2.58481765 -1.08829665 -2.33541775 1.02485061 -1.21178031 2.98609233 0.72743630 0.68163717 -0.12229162 -0.62312126 -2.33971977 0.21117559 0.22864515 2.80726576 0.34182692 -1.48381591 2.14730000 2.34781051 -1.30848587 -1.62838912 -1.08421850 0.35914648 -2.75265312 0.94130707 2.04690695 -0.28862190 3.05327892 1.49414659 -1.15497124 -1.01654768 1.16584384 -0.05970788 -0.66810656 1.33941042 3.49031973 -2.31264782 1.41175199 2.30663395 2.36124396 -0.60176349 -0.46165609 -0.38137949 -0.89204007 
 Q/Pi targ z1_buf content:
-1.12254679 -0.52532017 0.80147445 -1.07880354 0.75265217 0.89479113 1.03088033 -0.11566360 0.88685751 0.75294036 0.08150084 -0.77646822 0.75731993 0.70065492 0.98162055 -0.75384712 -0.81236994 1.06428552 -0.76578748 -1.04038453 0.27166444 -0.99768639 -0.94162840 -1.02647352 0.50031698 -1.05717587 0.80248797 -0.06931312 0.78769606 1.05168283 -1.15513074 -0.99149835 1.11586702 -0.81722695 0.75105458 -0.57022655 -0.85416251 1.05520117 0.58978754 -0.90631437 -0.00149123 -0.87157708 -0.24812706 -1.07764196 0.81157893 0.88251799 -0.68659574 0.82699049 0.73479468 0.12292468 0.45633203 0.81721807 -0.05820168 -0.00186146 1.04198730 0.94433939 -0.91913849 0.67113632 0.93054783 0.80006677 -0.56430680 0.45937786 -0.68870318 -1.01882982 
Q/Qtarg z2_buf content:
25.55969048 
Pi targ z2_buf content:
12.62763405 13.25266838 12.46559811 12.97847366 

Input_Q targ after concatenation:
0.000000 0.000000 0.000000 0.000000 0.000000 0.000000 0.000000 0.000000 12.627634 13.252668 12.465598 12.978474 
 Q/Pi targ z1_buf content:
-3.93385077 -6.91355801 16.32622910 4.15761852 13.73450947 11.65523434 7.09946775 -1.20111179 -2.18447351 4.72484207 -0.15897322 -4.22538280 12.59500885 6.16430092 17.27979851 3.99618530 -1.04195261 -8.86699486 5.08401537 5.03675365 -6.00949907 -10.07177639 0.81654930 -9.31238365 2.55577230 -1.29194021 8.35640144 5.91819477 -2.53532219 -7.16906214 1.04586947 -7.46779442 -5.92076874 4.72032928 15.82039547 -1.03021336 -1.86297655 10.35354900 9.68122005 -3.68857241 -11.08502007 -1.60467720 -1.95823812 -11.64349651 4.25519848 9.35177803 -4.01047707 16.67878914 5.94020939 -3.80293322 -2.47467899 1.14270234 4.29334259 3.00643253 4.20370770 16.99052238 -10.38005638 -0.91824722 8.99934959 7.74222374 -7.33327198 2.15065861 -7.44263983 -2.31074858 
Q/Qtarg z2_buf content:
94.52398682 argmax_tq:94.523987 
tmpq:25.559690
sample in batch-tmpobj:-45.404606
(index,Qs and Loss_sqrt) out of all BATCHS: (0, 25.559690, -22.702303)

delt2_buf_fifo content:-45.404606

delt1_buf_fifo content:
0.00000000 17.17836189 -27.42651939 0.00000000 -28.06610107 -17.82865524 -19.44591904 4.59007835 -31.21315002 -28.28884125 0.00000000 0.00000000 -26.53458595 -11.40609360 -22.42049408 0.00000000 0.00000000 0.00000000 24.02247047 0.00000000 0.00000000 0.00000000 0.00000000 0.00000000 -16.14512634 0.00000000 -36.62033463 11.18562412 -26.86805725 0.00000000 0.00000000 0.00000000 -19.14643288 12.02707958 -15.36322880 21.52038383 0.00000000 -21.89589310 -15.03226376 0.00000000 0.00000000 0.00000000 11.92346478 0.00000000 -23.85821533 -21.61557770 0.00000000 -26.71553802 -28.24390221 0.00000000 0.00000000 -22.49457169 0.00000000 0.00000000 -18.54191017 -22.12051392 0.00000000 -24.31229782 -14.65721893 -28.40373230 0.00000000 0.00000000 0.00000000 0.00000000 
Input QSin read:
1.00000000 0.75000000 0.50000000 0.25000000 0.00000000 -0.25000000 -0.50000000 -0.75000000 1.00000000 0.00000000 -1.00000000 -2.00000000 
Qz1_buf content:
0.23270023 -5.36868668 0.12974578 -0.05685806 1.62165642 0.15164176 0.62175632 -2.71166277 -1.48144960 1.52033484 1.65245354 -0.31104684 0.26702267 1.69767523 -0.38468188 -0.62112051 -0.34657097 1.13431418 -2.18455243 -1.14045620 -1.17965198 0.24475300 0.15666199 -0.17903143 -0.23351163 -0.61537373 -2.77450180 -0.15198064 -0.20351252 1.39996433 -1.88748658 0.56100422 1.05883455 -1.87471163 0.43304607 -3.31834412 0.59181869 1.33825612 -1.04514122 -0.66926271 0.64048529 -0.48224455 -2.63866377 -0.17137283 1.78194356 0.69490528 -3.27235413 0.38291335 0.42567316 2.37936449 3.65890121 -0.06937563 1.77458489 3.09482145 1.53387022 -0.39275712 -0.38931614 -2.15155792 -0.08743554 -1.15285468 -3.04369450 3.77990818 -4.12324667 -2.00259328 
 Q/Pi targ z1_buf content:
-1.23999929 -0.76745468 1.40492892 -0.88223034 1.25724363 1.31591713 1.27573562 -0.14384338 0.76920295 0.90785360 0.06699479 -0.91632760 1.21238983 0.91194606 1.61354923 -0.57547945 -0.82440859 0.67169952 -0.54954165 -0.81067455 0.02015221 -1.34958184 -0.87579983 -1.33441257 0.58429426 -1.05937696 1.09987020 0.16144496 0.65675753 0.73431873 -1.06876349 -1.24071455 0.83875632 -0.60921383 1.33611703 -0.57142222 -0.89846045 1.41113627 0.95370150 -1.00326061 -0.42536300 -0.89643627 -0.30499867 -1.48951840 0.94753373 1.21307337 -0.82577944 1.45046926 0.93168807 -0.03480012 0.33472508 0.83314645 0.12462509 0.10793322 1.18040252 1.57442391 -1.28420901 0.61105150 1.24157524 1.07312775 -0.82348263 0.51512074 -0.93996042 -1.07916927 
Q/Qtarg z2_buf content:
10.08132267 
Pi targ z2_buf content:
15.68879890 16.63598061 15.52676296 16.36178589 

Input_Q targ after concatenation:
0.250000 0.250000 0.250000 0.250000 0.250000 0.250000 0.250000 0.250000 15.688799 16.635981 15.526763 16.361786 
 Q/Pi targ z1_buf content:
-4.75767326 -8.61720562 20.84533691 5.68882704 17.46922302 14.78161240 8.82480812 -1.48744631 -2.99627209 5.86038780 -0.27271843 -5.19984055 16.05655289 7.72042131 22.04762650 5.41008854 -1.09525275 -11.72252655 6.89370251 6.83924484 -7.73956966 -12.73919106 1.29566097 -11.81038094 3.15413475 -1.40588832 10.64547157 7.67418480 -3.45478559 -9.57161045 1.71019685 -9.39404488 -7.94832325 6.39142036 20.19560814 -1.13466263 -2.17841721 13.07121849 12.32144070 -4.55630398 -14.33901215 -1.83552980 -2.41026878 -14.72384834 5.19632578 11.79538822 -4.82452488 21.25005341 7.48266172 -4.99080372 -3.41009140 1.24101830 5.42328167 3.81017876 5.02494287 21.65767097 -13.15155983 -1.28577518 11.37605381 9.79564285 -9.20962429 2.55413437 -9.33365726 -2.60700321 
Q/Qtarg z2_buf content:
118.18533325 argmax_tq:118.185333 
tmpq:10.081323
sample in batch-tmpobj:-100.022690
(index,Qs and Loss_sqrt) out of all BATCHS: (1, 10.081323, -50.011345)

delt2_buf_fifo content:-100.022690

delt1_buf_fifo content:
46.90681076 0.00000000 -60.41841125 0.00000000 -61.82736206 -39.27509308 -42.83779526 0.00000000 0.00000000 -62.31803894 -11.73831844 0.00000000 -58.45355606 -25.12670708 0.00000000 0.00000000 0.00000000 -45.57691956 0.00000000 0.00000000 0.00000000 49.99047089 50.91524506 0.00000000 0.00000000 0.00000000 0.00000000 0.00000000 0.00000000 -40.91358185 0.00000000 50.25488663 -42.17804718 0.00000000 -33.84395599 0.00000000 58.45577621 -48.23488998 0.00000000 0.00000000 15.46355915 0.00000000 0.00000000 0.00000000 -52.55772781 -47.61737823 0.00000000 -58.85217667 -62.21903992 -11.52609730 -30.73405457 0.00000000 -1.66315854 -5.91041899 -40.84633255 0.00000000 0.00000000 0.00000000 0.00000000 0.00000000 0.00000000 -31.87560463 0.00000000 0.00000000 
Input QSin read:
2.00000000 1.75000000 1.50000000 1.25000000 1.00000000 0.75000000 0.50000000 0.25000000 2.00000000 3.00000000 4.00000000 5.00000000 
Qz1_buf content:
-2.90542388 -1.65505505 7.86453533 0.80837810 6.18168688 5.91526890 3.94228077 0.43029892 0.34287500 2.25282574 -0.60655189 -2.51668215 6.07821131 2.76294827 8.59891319 1.22341108 -1.10407412 -3.40836525 2.15792012 1.59635293 -2.09503531 -5.39998150 -0.56166780 -4.79893064 1.69666851 -1.22938955 5.36515045 2.57350111 -0.36587119 -2.66120529 0.06781700 -4.33344936 -2.00570965 1.89275002 7.48776627 0.33226156 -1.83819938 4.99478054 5.25912237 -2.08405638 -5.01936340 -1.28309190 -0.09582663 -6.04766464 2.02894568 4.69134998 -1.40209198 8.04111099 3.06929398 -2.41676950 -1.98940349 1.29327095 1.40290618 0.21025062 2.44673252 8.53099537 -5.23321247 0.93107343 4.79485369 4.54573154 -2.67517042 -0.01571321 -2.39143753 -1.37475526 
 Q/Pi targ z1_buf content:
-1.35745180 -1.00958920 2.00838351 -0.68565714 1.76183510 1.73704314 1.52059078 -0.17202315 0.65154845 1.06276691 0.05248873 -1.05618703 1.66745973 1.12323725 2.24547791 -0.39711177 -0.83644724 0.27911353 -0.33329582 -0.58096445 -0.23136005 -1.70147729 -0.80997121 -1.64235175 0.66827142 -1.06157815 1.39725256 0.39220303 0.52581894 0.41695446 -0.98239613 -1.48993075 0.56164563 -0.40120068 1.92117953 -0.57261789 -0.94275838 1.76707137 1.31761551 -1.10020697 -0.84923476 -0.92129540 -0.36187029 -1.90139484 1.08348846 1.54362869 -0.96496320 2.07394814 1.12858152 -0.19252491 0.21311814 0.84907484 0.30745187 0.21772791 1.31881785 2.20450830 -1.64927959 0.55096668 1.55260277 1.34618878 -1.08265853 0.57086360 -1.19121766 -1.13950872 
Q/Qtarg z2_buf content:
51.06583023 
Pi targ z2_buf content:
18.79478264 20.04924965 18.63274574 19.77505493 

Input_Q targ after concatenation:
0.500000 0.500000 0.500000 0.500000 0.500000 0.500000 0.500000 0.500000 18.794783 20.049250 18.632746 19.775055 
 Q/Pi targ z1_buf content:
-5.59260893 -10.34352303 25.40833664 7.23160315 21.24267006 17.93988037 10.57295227 -1.77235794 -3.81982613 7.00833416 -0.38728333 -6.18783331 19.54871750 9.29311562 26.85978317 6.83335924 -1.15112734 -14.61050892 8.71034050 8.65464783 -9.49501228 -15.43071365 1.78020048 -14.32192230 3.76001263 -1.51550031 12.95330811 9.44567204 -4.38659048 -11.99604607 2.37999678 -11.33565617 -9.99823189 8.07241249 24.61366081 -1.23479271 -2.49783039 15.81236839 14.99205208 -5.42454910 -17.62015724 -2.06612849 -2.86523151 -17.83434296 6.15089321 14.26450920 -5.65922737 25.87117386 9.03629875 -6.18983746 -4.35320854 1.34146023 6.57755280 4.62276459 5.86617756 26.37301826 -15.94788361 -1.66147423 13.77318954 11.86852837 -11.10780430 2.96230507 -11.24251366 -2.91482544 
Q/Qtarg z2_buf content:
142.10206604 argmax_tq:142.102066 
tmpq:51.065830
sample in batch-tmpobj:-41.970406
(index,Qs and Loss_sqrt) out of all BATCHS: (2, 51.065830, -20.985203)

delt2_buf_fifo content:-41.970406

delt1_buf_fifo content:
0.00000000 0.00000000 -25.35210037 17.22933197 -25.94330788 -16.48017693 -17.97511673 4.24290562 -28.85232735 -26.14920044 0.00000000 0.00000000 -24.52762985 -10.54338837 -20.72470856 25.92097092 0.00000000 0.00000000 22.20551872 20.82738304 0.00000000 0.00000000 0.00000000 0.00000000 -14.92398071 0.00000000 -33.85053635 10.33959389 0.00000000 0.00000000 17.80638123 0.00000000 0.00000000 11.11740494 -14.20122337 19.89267921 0.00000000 -20.23978615 -13.89529133 0.00000000 0.00000000 0.00000000 0.00000000 0.00000000 -22.05368614 -19.98067284 0.00000000 -24.69489479 -26.10766029 0.00000000 0.00000000 -20.79318237 -0.69787604 -2.48006415 -17.13948250 -20.44741631 0.00000000 -22.47342491 -13.54861259 -26.25540161 0.00000000 0.00000000 0.00000000 0.00000000 
Input QSin read:
3.00000000 2.75000000 2.50000000 2.25000000 2.00000000 1.75000000 1.50000000 1.25000000 1.00000000 0.00000000 -1.00000000 -2.00000000 
Qz1_buf content:
-0.70691961 -7.30576277 4.95738268 1.51572752 5.65838766 3.52064991 2.58059812 -2.93710113 -2.42268586 2.75964069 1.53640509 -1.42992210 3.90758181 3.38800478 4.67074823 0.80582094 -0.44288003 -2.00637388 -0.45458579 0.69722414 -3.19174957 -2.57041025 0.68329084 -2.64254427 0.43830627 -0.63298297 -0.39544374 1.69408393 -1.25102067 -1.13894916 -1.19654834 -1.43272543 -1.15805066 -0.21060669 5.11354637 -3.32790947 0.23743534 4.18573666 1.86617076 -1.44483304 -2.75048852 -0.68111801 -3.09363747 -3.46638465 2.86958218 3.33934832 -4.38582373 5.37074471 2.00082064 1.11756611 2.68604565 0.05805147 3.23719883 3.97317886 2.64119220 4.64791918 -3.30988050 -2.63223600 2.40078402 1.03163302 -5.11710119 4.22585106 -6.13330507 -2.48530865 
 Q/Pi targ z1_buf content:
-1.47490430 -1.25172365 2.61183810 -0.48908377 2.26642656 2.15816927 1.76544607 -0.20020291 0.53389394 1.21768010 0.03798270 -1.19604635 2.12252951 1.33452845 2.87740660 -0.21874398 -0.84848583 -0.11347252 -0.11705011 -0.35125443 -0.48287231 -2.05337286 -0.74414259 -1.95029080 0.75224870 -1.06377935 1.69463468 0.62296110 0.39488047 0.09959030 -0.89602888 -1.73914695 0.28453505 -0.19318762 2.50624228 -0.57381356 -0.98705637 2.12300634 1.68152952 -1.19715321 -1.27310634 -0.94615459 -0.41874194 -2.31327128 1.21944332 1.87418413 -1.10414684 2.69742727 1.32547498 -0.35024959 0.09151116 0.86500317 0.49027866 0.32752249 1.45723307 2.83459282 -2.01435018 0.49088186 1.86363018 1.61924958 -1.34183431 0.62660658 -1.44247496 -1.19984806 
Q/Qtarg z2_buf content:
33.81904984 
Pi targ z2_buf content:
21.95653915 23.51952744 21.79450226 23.24533272 

Input_Q targ after concatenation:
0.750000 0.750000 0.750000 0.750000 0.750000 0.750000 0.750000 0.750000 21.956539 23.519527 21.794502 23.245333 
 Q/Pi targ z1_buf content:
-6.44059801 -12.09676552 30.03949928 8.79681015 25.07294273 21.14561272 12.34834099 -2.06074047 -4.65640259 8.17368317 -0.50350666 -7.19134521 23.09249306 10.88957787 31.74345016 8.27707672 -1.20822096 -17.54251099 10.55213261 10.49631310 -11.27827549 -18.16210747 2.27212238 -16.86898232 4.37525940 -1.62573385 15.29497051 11.24333096 -5.33295202 -14.45642853 3.05961967 -13.30564690 -12.07925606 9.77733517 29.09777260 -1.33542442 -2.82218647 18.59392166 17.70344162 -6.30428743 -20.94948387 -2.29970670 -3.32671738 -20.99134636 7.12052250 16.77084541 -6.50877571 30.56234360 10.61243629 -7.40671158 -5.31015682 1.44362116 7.75155830 5.44767857 6.72221994 31.15933609 -18.78558540 -2.04364395 16.20563698 13.97228909 -13.03501415 3.37672043 -13.17979145 -3.22886562 
Q/Qtarg z2_buf content:
166.38079834 argmax_tq:166.380798 
tmpq:33.819050
sample in batch-tmpobj:-100.742699
(index,Qs and Loss_sqrt) out of all BATCHS: (3, 33.819050, -50.371349)

delt2_buf_fifo content:-100.742699

delt1_buf_fifo content:
0.00000000 0.00000000 -60.85333252 41.35603333 -62.27242279 -39.55781174 -43.14616013 0.00000000 0.00000000 -62.76663208 -11.82281685 0.00000000 -58.87433243 -25.30757904 -49.74607849 62.21880722 0.00000000 0.00000000 0.00000000 49.99252701 0.00000000 0.00000000 51.28175735 0.00000000 -35.82243347 0.00000000 0.00000000 24.81840706 0.00000000 0.00000000 0.00000000 0.00000000 0.00000000 0.00000000 -34.08758163 0.00000000 58.87656784 -48.58210754 -33.35324478 0.00000000 0.00000000 0.00000000 0.00000000 0.00000000 -52.93606186 -47.96014786 0.00000000 -59.27582169 -62.66692352 -11.60906696 -30.95529175 -49.91043854 -1.67513072 -5.95296478 -41.14036560 -49.08048630 0.00000000 0.00000000 -32.52110291 -63.02154922 0.00000000 -32.10506058 0.00000000 0.00000000 
Input QSin read:
4.00000000 3.75000000 3.50000000 3.25000000 3.00000000 2.75000000 2.50000000 2.25000000 0.00000000 0.00000000 0.00000000 0.00000000 
Qz1_buf content:
-2.15852904 -5.20681238 8.22132206 1.75177240 7.43381166 5.98133707 3.99600506 -1.33794057 -1.39286900 2.97097301 0.42140824 -2.39288044 6.35810614 3.70935011 8.53061771 1.54971910 -0.80959308 -3.88512778 1.50040448 1.83591866 -3.39792943 -5.04088211 0.25829750 -4.64455509 1.31941915 -0.93778968 3.37700033 2.82606673 -1.20126128 -2.85216999 -0.30526370 -3.63073635 -2.41321230 1.46511102 8.05584335 -1.50141084 -0.93327594 5.65806389 4.65438843 -2.05528355 -5.15654135 -1.05668259 -1.76534665 -5.99265385 2.85712814 5.00701523 -3.31150913 8.57636356 3.12573743 -1.12277603 -0.01649982 0.72344649 2.86853266 2.42109871 2.95920801 8.47971058 -5.36675787 -1.03083563 4.53090143 3.60786510 -4.67366314 2.27229762 -5.01614332 -2.11104989 
 Q/Pi targ z1_buf content:
-1.59235668 -1.49385822 3.21529245 -0.29251069 2.77101803 2.57929516 2.01030111 -0.22838271 0.41623926 1.37259340 0.02347663 -1.33590579 2.57759953 1.54581952 3.50933552 -0.04037637 -0.86052448 -0.50605851 0.09919581 -0.12154442 -0.73438454 -2.40526819 -0.67831397 -2.25822997 0.83622593 -1.06598043 1.99201703 0.85371923 0.26394194 -0.21777385 -0.80966163 -1.98836327 0.00742435 0.01482552 3.09130478 -0.57500929 -1.03135431 2.47894168 2.04544353 -1.29409945 -1.69697833 -0.97101378 -0.47561353 -2.72514772 1.35539818 2.20473957 -1.24333060 3.32090592 1.52236843 -0.50797451 -0.03009576 0.88093162 0.67310542 0.43731731 1.59564829 3.46467757 -2.37942076 0.43079710 2.17465782 1.89231074 -1.60101032 0.68234932 -1.69373226 -1.26018739 
Q/Qtarg z2_buf content:
51.64296722 
Pi targ z2_buf content:
25.28738976 27.20334625 25.12535286 26.92915154 

Input_Q targ after concatenation:
1.000000 1.000000 1.000000 1.000000 1.000000 1.000000 1.000000 1.000000 25.287390 27.203346 25.125353 26.929152 
 Q/Pi targ z1_buf content:
-7.32655525 -13.92901421 34.90524673 10.44658852 29.09329224 24.51128006 14.20396709 -2.37046623 -5.52915764 9.39586449 -0.62607479 -8.23916435 26.82056999 12.56456280 36.87767029 9.80091763 -1.26491070 -20.61547470 12.50424385 12.43862534 -13.13814545 -21.03473663 2.78772163 -19.56223106 5.01893997 -1.75027132 17.76080132 13.13454628 -6.32178450 -17.04375458 3.77523828 -15.38078880 -14.26143074 11.57875824 33.80847168 -1.44969940 -3.16151285 21.52104187 20.54456902 -7.24126720 -24.45458984 -2.54911494 -3.81391811 -24.30790138 8.13237953 19.40129280 -7.38093758 35.48239136 12.27449226 -8.68582439 -6.31778812 1.54908073 8.96363068 6.31272602 7.60236311 36.18350601 -21.77039337 -2.43780136 18.76555061 16.18338013 -15.05406570 3.81088066 -15.21604061 -3.54489470 
Q/Qtarg z2_buf content:
191.84840393 argmax_tq:191.848404 
tmpq:51.642967
sample in batch-tmpobj:-90.562469
(index,Qs and Loss_sqrt) out of all BATCHS: (4, 51.642967, -45.281235)

delt2_buf_fifo content:-90.562469

delt1_buf_fifo content:
0.00000000 0.00000000 -54.70399475 37.17693329 -55.97968292 -35.56042480 -38.78616333 0.00000000 0.00000000 -56.42395020 -10.62810040 0.00000000 -52.92497635 -22.75020409 -44.71915054 55.93148422 0.00000000 0.00000000 47.91439438 44.94069290 0.00000000 0.00000000 46.09964371 0.00000000 -32.20251465 0.00000000 -73.04166412 22.31046295 0.00000000 0.00000000 0.00000000 0.00000000 0.00000000 23.98880005 -30.64296913 0.00000000 0.00000000 -43.67279816 -29.98283768 0.00000000 0.00000000 0.00000000 0.00000000 0.00000000 -47.58677673 -43.11368942 0.00000000 -53.28589249 -56.33432007 0.00000000 0.00000000 -44.86689758 -1.50585580 -5.35140705 -36.98305511 -44.12081528 0.00000000 0.00000000 -29.23478508 -56.65311050 0.00000000 -28.86078644 0.00000000 0.00000000 
Input QSin read:
5.00000000 4.75000000 4.50000000 4.25000000 4.00000000 3.75000000 3.50000000 3.25000000 0.00000000 0.00000000 0.00000000 0.00000000 
Qz1_buf content:
-2.62833905 -6.17534924 10.63514042 2.53806543 9.45217800 7.66584110 4.97542572 -1.45065975 -1.86348724 3.59062600 0.36338407 -2.95231819 8.17838573 4.55451488 11.05833244 2.26318979 -0.85774750 -5.45547199 2.36538744 2.75475883 -4.40397739 -6.44846439 0.52161175 -5.87631083 1.65532815 -0.94659412 4.56652927 3.74909902 -1.72501588 -4.12162638 0.04020536 -4.62760067 -3.52165461 2.29716372 10.39609337 -1.50619352 -1.11046767 7.08180428 6.11004448 -2.44306850 -6.85202837 -1.15611923 -1.99283302 -7.64016008 3.40094781 6.32923698 -3.86824369 11.07028008 3.91331100 -1.75367546 -0.50292796 0.78715992 3.59983969 2.86027789 3.51286936 11.00004864 -6.82703972 -1.27117491 5.77501106 4.70010900 -5.71036673 2.49526930 -6.02117205 -2.35240769 
 Q/Pi targ z1_buf content:
-1.70980918 -1.73599267 3.81874728 -0.09593743 3.27560949 3.00042105 2.25515652 -0.25656235 0.29858482 1.52750659 0.00897056 -1.47576523 3.03266954 1.75711083 4.14126444 0.13799134 -0.87256312 -0.89864445 0.31544173 0.10816550 -0.98589665 -2.75716352 -0.61248541 -2.56616879 0.92020321 -1.06818151 2.28939939 1.08447731 0.13300347 -0.53513813 -0.72329438 -2.23757935 -0.26968634 0.22283870 3.67636704 -0.57620490 -1.07565212 2.83487678 2.40935755 -1.39104569 -2.12085009 -0.99587291 -0.53248531 -3.13702440 1.49135327 2.53529501 -1.38251436 3.94438481 1.71926188 -0.66569936 -0.15170285 0.89686000 0.85593218 0.54711211 1.73406351 4.09476185 -2.74449110 0.37071228 2.48568535 2.16537189 -1.86018610 0.73809218 -1.94498932 -1.32052684 
Q/Qtarg z2_buf content:
64.64848328 
Pi targ z2_buf content:
28.54882431 30.82220078 28.38678741 30.54800606 

Input_Q targ after concatenation:
1.250000 1.250000 1.250000 1.250000 1.250000 1.250000 1.250000 1.250000 28.548824 30.822201 28.386787 30.548006 
 Q/Pi targ z1_buf content:
-8.19603062 -15.72735786 39.69027328 12.07089138 33.04553986 27.82024002 16.02534485 -2.67746162 -6.38521576 10.59698677 -0.74677467 -9.26726818 30.48851776 14.21092510 41.92784882 11.30197525 -1.31948090 -23.63475800 14.43005466 14.35134506 -14.96224499 -23.86073685 3.29432487 -22.21693993 5.65096617 -1.87586093 20.18770981 14.99527740 -7.29225779 -19.58898926 4.47954559 -17.42342186 -16.40587807 13.35392189 38.44082260 -1.56513023 -3.49468899 24.40126801 23.33584023 -8.16723728 -27.90409279 -2.79581499 -4.29387283 -27.56930161 9.12498665 21.98707962 -8.23132706 40.31768417 13.91114998 -9.94393253 -7.30949783 1.65212059 10.14794445 7.16283226 8.46101475 41.12268066 -24.70688438 -2.82277679 21.28451347 18.35805893 -17.03755760 4.23739052 -17.21880722 -3.85069942 
Q/Qtarg z2_buf content:
216.87892151 argmax_tq:216.878922 
tmpq:64.648483
sample in batch-tmpobj:-89.581955
(index,Qs and Loss_sqrt) out of all BATCHS: (5, 64.648483, -44.790977)

delt2_buf_fifo content:-89.581955

delt1_buf_fifo content:
0.00000000 0.00000000 -54.11171722 36.77441788 -55.37359619 -35.17541504 -38.36623001 0.00000000 0.00000000 -55.81305313 -10.51303005 0.00000000 -52.35196304 -22.50388908 -44.23497772 55.32592010 0.00000000 0.00000000 47.39562988 44.45412445 0.00000000 0.00000000 45.60052490 0.00000000 -31.85385895 0.00000000 -72.25084686 22.06890869 0.00000000 0.00000000 38.00607681 0.00000000 0.00000000 23.72907448 -30.31119919 0.00000000 0.00000000 -43.19995499 -29.65821648 0.00000000 0.00000000 0.00000000 0.00000000 0.00000000 -47.07155991 -42.64690018 0.00000000 -52.70896912 -55.72438812 0.00000000 0.00000000 -44.38112640 -1.48955202 -5.29346800 -36.58264160 -43.64312363 0.00000000 0.00000000 -28.91826248 -56.03973007 0.00000000 -28.54831314 0.00000000 0.00000000 
Input QSin read:
6.00000000 5.75000000 5.50000000 5.25000000 5.00000000 4.75000000 4.50000000 4.25000000 0.00000000 0.00000000 0.00000000 0.00000000 
Qz1_buf content:
-3.09814882 -7.14388990 13.04895973 3.32435799 11.47054386 9.35034561 5.95484686 -1.56337905 -2.33410525 4.21027899 0.30535966 -3.51175570 9.99866676 5.39967918 13.58604813 2.97666073 -0.90590209 -7.02581596 3.23037100 3.67359900 -5.41002703 -7.85604620 0.78492624 -7.10806799 1.99123704 -0.95539874 5.75605822 4.67213154 -2.24876976 -5.39108276 0.38567448 -5.62446594 -4.63009739 3.12921596 12.73634338 -1.51097548 -1.28765953 8.50554466 7.56570053 -2.83085370 -8.54751587 -1.25555587 -2.22031951 -9.28766632 3.94476676 7.65145826 -4.42497873 13.56419468 4.70088482 -2.38457441 -0.98935574 0.85087341 4.33114672 3.29945660 4.06652975 13.52038670 -8.28732204 -1.51151490 7.01912117 5.79235315 -6.74707079 2.71824074 -7.02620220 -2.59376526 
 Q/Pi targ z1_buf content:
-1.82726169 -1.97812712 4.42220163 0.10063595 3.78020120 3.42154717 2.50001168 -0.28474224 0.18093038 1.68241978 -0.00553542 -1.61562467 3.48773932 1.96840191 4.77319288 0.31635910 -0.88460171 -1.29123056 0.53168726 0.33787560 -1.23740911 -3.10905910 -0.54665673 -2.87410808 1.00418043 -1.07038271 2.58678150 1.31523538 0.00206482 -0.85250229 -0.63692701 -2.48679543 -0.54679692 0.43085170 4.26142979 -0.57740051 -1.11995006 3.19081163 2.77327156 -1.48799205 -2.54472160 -1.02073216 -0.58935684 -3.54890060 1.62730765 2.86585021 -1.52169800 4.56786394 1.91615510 -0.82342386 -0.27330971 0.91278827 1.03875899 0.65690643 1.87247872 4.72484589 -3.10956192 0.31062734 2.79671240 2.43843269 -2.11936188 0.79383528 -2.19624662 -1.38086629 
Q/Qtarg z2_buf content:
77.52448273 
Pi targ z2_buf content:
31.68747139 34.27963638 31.52543449 34.00543976 

Input_Q targ after concatenation:
1.500000 1.500000 1.500000 1.500000 1.500000 1.500000 1.500000 1.500000 31.687471 34.279636 31.525434 34.005440 
 Q/Pi targ z1_buf content:
-9.03818417 -17.46874619 44.30059052 13.63119316 36.85697937 31.01055336 17.78882408 -2.96727276 -7.21552086 11.75620174 -0.86265755 -10.26362419 34.01828003 15.79925251 46.79082489 12.74202347 -1.37498379 -26.55050659 16.27044106 16.18769646 -16.73193359 -26.58100128 3.78353024 -24.75947952 6.26233912 -1.98912406 22.52107620 16.78585434 -8.23214912 -22.03923225 5.15674305 -19.38671303 -18.47581291 15.05526924 42.90452957 -1.66876602 -3.81699419 27.17218781 26.03195000 -9.04814339 -31.22131729 -3.02995753 -4.75422859 -30.71194649 10.08746338 24.48098373 -9.06879234 44.98420715 15.48265266 -11.15557194 -8.26303101 1.75306320 11.30801105 7.98336315 9.30541706 45.88559341 -27.53317451 -3.20024681 23.70773315 20.45265961 -18.95375443 4.64944077 -19.14770508 -4.15769768 
Q/Qtarg z2_buf content:
241.03182983 argmax_tq:241.031830 
tmpq:77.524483
sample in batch-tmpobj:-87.982864
(index,Qs and Loss_sqrt) out of all BATCHS: (6, 77.524483, -43.991432)

delt2_buf_fifo content:-87.982864

delt1_buf_fifo content:
0.00000000 0.00000000 -53.14579010 36.11797333 -54.38514328 -34.54751205 -37.68136978 0.00000000 0.00000000 -54.81675720 -10.32536602 0.00000000 -51.41744614 -22.10218048 -43.44535828 54.33831787 0.00000000 0.00000000 46.54958725 43.66059113 0.00000000 0.00000000 44.78652954 0.00000000 -31.28524780 0.00000000 -70.96112061 21.67496681 0.00000000 0.00000000 37.32764435 0.00000000 0.00000000 23.30549622 -29.77012634 0.00000000 0.00000000 -42.42881012 -29.12879944 0.00000000 0.00000000 0.00000000 0.00000000 0.00000000 -46.23130417 -41.88562775 0.00000000 -51.76808548 -54.72967529 0.00000000 0.00000000 -43.58889771 -1.46296263 -5.19897604 -35.92962265 -42.86406708 0.00000000 0.00000000 -28.40205383 -55.03938675 0.00000000 -28.03870773 0.00000000 0.00000000 
Input QSin read:
7.00000000 6.75000000 6.50000000 6.25000000 6.00000000 5.75000000 5.50000000 5.25000000 0.00000000 0.00000000 0.00000000 0.00000000 
Qz1_buf content:
-3.56795883 -8.11242676 15.46277618 4.11065102 13.48891068 11.03484917 6.93426752 -1.67609799 -2.80472350 4.82993221 0.24733526 -4.07119322 11.81894493 6.24484444 16.11375999 3.69013119 -0.95405674 -8.59615993 4.09535408 4.59243870 -6.41607571 -9.26362801 1.04824066 -8.33982468 2.32714605 -0.96420330 6.94558668 5.59516382 -2.77252364 -6.66054010 0.73114359 -6.62133121 -5.73853970 3.96126890 15.07659435 -1.51575911 -1.46485138 9.92928505 9.02135658 -3.21863890 -10.24300289 -1.35499251 -2.44780517 -10.93517113 4.48858595 8.97367954 -4.98171425 16.05811119 5.48845863 -3.01547360 -1.47578335 0.91458702 5.06245327 3.73863554 4.62019110 16.04072380 -9.74760532 -1.75185394 8.26323128 6.88459730 -7.78377342 2.94121265 -8.03123188 -2.83512282 
 Q/Pi targ z1_buf content:
-1.94471419 -2.22026157 5.02565622 0.29720920 4.28479242 3.84267282 2.74486685 -0.31292206 0.06327558 1.83733320 -0.02004153 -1.75548410 3.94280910 2.17969322 5.40512180 0.49472666 -0.89664054 -1.68381643 0.74793321 0.56758571 -1.48892117 -3.46095467 -0.48082817 -3.18204713 1.08815765 -1.07258379 2.88416386 1.54599345 -0.12887359 -1.16986656 -0.55055976 -2.73601198 -0.82390743 0.63886487 4.84649229 -0.57859600 -1.16424811 3.54674673 3.13718557 -1.58493853 -2.96859360 -1.04559135 -0.64622855 -3.96077704 1.76326251 3.19640541 -1.66088176 5.19134283 2.11304855 -0.98114884 -0.39491683 0.92871690 1.22158563 0.76670146 2.01089430 5.35493088 -3.47463226 0.25054264 3.10773993 2.71149373 -2.37853813 0.84957802 -2.44750404 -1.44120574 
Q/Qtarg z2_buf content:
90.40047455 
Pi targ z2_buf content:
34.86405182 37.75529480 34.70201492 37.48109818 

Input_Q targ after concatenation:
1.750000 1.750000 1.750000 1.750000 1.750000 1.750000 1.750000 1.750000 34.864052 37.755295 34.702015 37.481098 
 Q/Pi targ z1_buf content:
-9.89002895 -19.22978210 48.94316101 15.19838142 40.69808197 34.22504807 19.57201195 -3.25398064 -8.05635452 12.92519951 -0.97900581 -11.27191734 37.56908798 17.40047455 51.68539810 14.18682289 -1.43338633 -29.49240875 18.11074448 18.03129578 -18.52444839 -29.31810760 4.27710342 -27.30673790 6.88006735 -2.09654284 24.86654472 18.58705902 -9.18277550 -24.50485611 5.83748484 -21.35965919 -20.56347466 16.76080132 47.39988327 -1.76661873 -4.14266396 29.95894241 28.75271225 -9.92555904 -34.55632401 -3.26269650 -5.21602440 -33.87685776 11.06192207 26.99450493 -9.92766190 49.69002914 17.06052017 -12.37523174 -9.22154999 1.85613847 12.49248314 8.81089592 10.17038822 50.68533325 -30.37667847 -3.58596992 26.14466858 22.56133270 -20.88776016 5.06531525 -21.08944893 -4.47744083 
Q/Qtarg z2_buf content:
265.38485718 argmax_tq:265.384857 
tmpq:90.400475
sample in batch-tmpobj:-86.583908
(index,Qs and Loss_sqrt) out of all BATCHS: (7, 90.400475, -43.291954)

delt2_buf_fifo content:-86.583908

delt1_buf_fifo content:
0.00000000 0.00000000 -52.30075455 35.54368591 -53.52040100 -33.99819565 -37.08222198 0.00000000 0.00000000 -53.94515228 -10.16119003 0.00000000 -50.59989548 -21.75074959 -42.75456238 53.47432327 0.00000000 0.00000000 45.80943680 42.96637344 0.00000000 0.00000000 44.07440948 0.00000000 -30.78780365 0.00000000 -69.83281708 21.33032608 0.00000000 0.00000000 36.73412323 0.00000000 0.00000000 22.93493080 -29.29677200 0.00000000 0.00000000 -41.75418091 -28.66564178 0.00000000 0.00000000 0.00000000 0.00000000 0.00000000 -45.49621201 -41.21963501 0.00000000 -50.94495392 -53.85945511 0.00000000 0.00000000 -42.89582062 -1.43970096 -5.11631060 -35.35832977 -42.18251419 0.00000000 0.00000000 -27.95045280 -54.16424561 0.00000000 -27.59288406 0.00000000 0.00000000 
Input QSin read:
8.00000000 7.75000000 7.50000000 7.25000000 7.00000000 6.75000000 6.50000000 6.25000000 0.00000000 0.00000000 0.00000000 0.00000000 
Qz1_buf content:
-4.03776836 -9.08096504 17.87659454 4.89694452 15.50727558 12.71935272 7.91368866 -1.78881752 -3.27534103 5.44958496 0.18931133 -4.63063049 13.63922501 7.09000826 18.64147758 4.40360212 -1.00221109 -10.16650391 4.96033716 5.51127911 -7.42212486 -10.67121029 1.31155467 -9.57158089 2.66305494 -0.97300786 8.13511562 6.51819611 -3.29627776 -7.92999697 1.07661259 -7.61819553 -6.84698200 4.79332113 17.41684532 -1.52054131 -1.64204288 11.35302544 10.47701263 -3.60642433 -11.93848991 -1.45442927 -2.67529225 -12.58267784 5.03240490 10.29590130 -5.53844881 18.55202675 6.27603197 -3.64637256 -1.96221161 0.97830039 5.79376125 4.17781448 5.17385197 18.56106377 -11.20788765 -1.99219251 9.50734043 7.97684097 -8.82047844 3.16418409 -9.03625870 -3.07648087 
 Q/Pi targ z1_buf content:
-2.06216669 -2.46239614 5.62911034 0.49378210 4.78938389 4.26379919 2.98972178 -0.34110183 -0.05437899 1.99224639 -0.03454751 -1.89534342 4.39787912 2.39098430 6.03705025 0.67309439 -0.90867901 -2.07640266 0.96417910 0.79729569 -1.74043345 -3.81285000 -0.41499960 -3.48998642 1.17213488 -1.07478499 3.18154621 1.77675152 -0.25981224 -1.48723054 -0.46419251 -2.98522806 -1.10101831 0.84687805 5.43155479 -0.57979202 -1.20854592 3.90268207 3.50109959 -1.68188477 -3.39246535 -1.07045054 -0.70309997 -4.37265348 1.89921737 3.52696109 -1.80006552 5.81482124 2.30994225 -1.13887370 -0.51652360 0.94464517 1.40441251 0.87649608 2.14930916 5.98501587 -3.83970284 0.19045782 3.41876769 2.98455453 -2.63771367 0.90532076 -2.69876122 -1.50154507 
Q/Qtarg z2_buf content:
103.27647400 
Pi targ z2_buf content:
38.07922363 41.25811768 37.91718674 40.98392105 

Input_Q targ after concatenation:
2.000000 2.000000 2.000000 2.000000 2.000000 2.000000 2.000000 2.000000 38.079224 41.258118 37.917187 40.983921 
 Q/Pi targ z1_buf content:
-10.75138950 -21.01025009 53.62446594 16.77609253 44.57313538 37.46754456 21.37476349 -3.53982544 -8.90719414 14.10501385 -1.09610176 -12.29177380 41.14720154 19.01618767 56.61927795 15.64029884 -1.49386978 -32.46250153 19.95817947 19.88671875 -20.33855247 -32.07665634 4.77539253 -29.86694908 7.50426912 -2.20064497 27.22889900 20.40208244 -10.14397621 -26.98993301 6.52314663 -23.34647560 -22.67061424 18.47566605 51.93301010 -1.86116600 -4.47175407 32.76669312 31.49985123 -10.80417156 -37.91570282 -3.49544525 -5.68054199 -37.06834793 12.04783630 29.53036880 -10.80356598 54.43934250 18.64861488 -13.60477734 -10.18699837 1.96098137 13.69717979 9.64613342 11.05188465 55.52733612 -33.24227905 -3.97847176 28.59988594 24.68723106 -22.84068489 5.48526764 -23.04698753 -4.80657625 
Q/Qtarg z2_buf content:
289.96087646 argmax_tq:289.960876 
tmpq:103.276474
sample in batch-tmpobj:-85.407928
(index,Qs and Loss_sqrt) out of all BATCHS: (8, 103.276474, -42.703964)

delt2_buf_fifo content:-85.407928

delt1_buf_fifo content:
0.00000000 0.00000000 -51.59040833 35.06093216 -52.79349136 -33.53643417 -36.57857513 0.00000000 0.00000000 -53.21247101 -10.02318096 0.00000000 -49.91264725 -21.45533180 -42.17387009 52.74803543 0.00000000 0.00000000 45.18725204 42.38280487 0.00000000 0.00000000 43.47579193 0.00000000 -30.36964417 0.00000000 -68.88435364 21.04061890 0.00000000 0.00000000 36.23520279 0.00000000 0.00000000 22.62343025 -28.89886475 0.00000000 0.00000000 -41.18707657 -28.27630615 0.00000000 0.00000000 0.00000000 0.00000000 0.00000000 -44.87828064 -40.65979004 0.00000000 -50.25302124 -53.12794113 0.00000000 0.00000000 -42.31321335 -1.42014706 -5.04682112 -34.87809372 -41.60959244 0.00000000 0.00000000 -27.57083130 -53.42858505 0.00000000 -27.21811867 0.00000000 0.00000000 
Input QSin read:
9.00000000 8.75000000 8.50000000 8.25000000 8.00000000 7.75000000 7.50000000 7.25000000 0.00000000 0.00000000 0.00000000 0.00000000 
Qz1_buf content:
-4.50757837 -10.04950142 20.29041100 5.68323755 17.52564240 14.40385628 8.89310932 -1.90153611 -3.74595976 6.06923771 0.13128763 -5.19006824 15.45950508 7.93517303 21.16919136 5.11707306 -1.05036533 -11.73684883 5.82532072 6.43011856 -8.42817402 -12.07879066 1.57486939 -10.80333710 2.99896383 -0.98181236 9.32464600 7.44122887 -3.82003188 -9.19945335 1.42208207 -8.61505985 -7.95542479 5.62537336 19.75709343 -1.52532423 -1.81923437 12.77676678 11.93266869 -3.99420929 -13.63397694 -1.55386615 -2.90277958 -14.23018265 5.57622385 11.61812305 -6.09518337 21.04594231 7.06360626 -4.27727175 -2.44863963 1.04201400 6.52506733 4.61699200 5.72751379 21.08140182 -12.66816902 -2.23253250 10.75145054 9.06908607 -9.85718155 3.38715506 -10.04129028 -3.31783795 
 Q/Pi targ z1_buf content:
-2.17961907 -2.70453024 6.23256540 0.69035536 5.29397488 4.68492508 3.23457718 -0.36928147 -0.17203343 2.14715958 -0.04905355 -2.03520298 4.85294914 2.60227537 6.66897964 0.85146213 -0.92071760 -2.46898866 1.18042493 1.02700555 -1.99194586 -4.16474533 -0.34917092 -3.79792547 1.25611210 -1.07698607 3.47892833 2.00750971 -0.39075065 -1.80459487 -0.37782514 -3.23444414 -1.37812877 1.05489111 6.01661777 -0.58098781 -1.25284398 4.25861692 3.86501360 -1.77883101 -3.81633711 -1.09530973 -0.75997168 -4.78453016 2.03517246 3.85751653 -1.93924952 6.43830061 2.50683546 -1.29659843 -0.63813043 0.96057343 1.58723938 0.98629093 2.28772449 6.61509991 -4.20477343 0.13037336 3.72979498 3.25761557 -2.89688969 0.96106398 -2.95001888 -1.56188440 
Q/Qtarg z2_buf content:
116.15248108 
Pi targ z2_buf content:
41.33790588 44.79103470 41.17586899 44.51683807 

Input_Q targ after concatenation:
2.250000 2.250000 2.250000 2.250000 2.250000 2.250000 2.250000 2.250000 41.337906 44.791035 41.175869 44.516838 
 Q/Pi targ z1_buf content:
-11.62350082 -22.81265640 58.34907532 18.36544609 48.48623657 40.74139404 23.19959450 -3.82455635 -9.76936531 15.29696465 -1.21402740 -13.32470131 44.75572968 20.64815712 61.59702301 17.10331726 -1.55675030 -35.46428299 21.81320572 21.75520134 -22.17709351 -34.85911942 5.27898502 -32.44126892 8.13576889 -2.30084753 29.61001015 22.23250580 -11.11711693 -29.49670410 7.21427727 -25.34868240 -24.79962349 20.20073700 56.50837708 -1.95181847 -4.80470467 35.59781647 34.27664566 -11.68383884 -41.30218124 -3.72811651 -6.14805412 -40.28956604 13.04671478 32.09128189 -11.69895935 59.23746872 20.24800873 -14.84535980 -11.16014862 2.06784105 14.92495728 10.49001884 11.95227718 60.41669464 -36.13251495 -4.37872124 31.07544327 26.83236694 -24.81489372 5.90980530 -25.02217674 -5.14652395 
Q/Qtarg z2_buf content:
314.78710938 argmax_tq:314.787109 
tmpq:116.152481
sample in batch-tmpobj:-84.482147
(index,Qs and Loss_sqrt) out of all BATCHS: (9, 116.152481, -42.241074)

delt2_buf_fifo content:-84.482147

delt1_buf_fifo content:
0.00000000 0.00000000 -51.03119278 34.68088913 -52.22123337 -33.17291641 -36.18207932 0.00000000 0.00000000 -52.63567352 -9.91453457 0.00000000 -49.37162018 -21.22276497 -41.71672821 52.17627335 0.00000000 0.00000000 44.69744492 41.92339706 0.00000000 0.00000000 43.00453568 0.00000000 -30.04045105 0.00000000 -68.13768005 20.81254959 0.00000000 0.00000000 35.84243011 0.00000000 0.00000000 22.37820244 -28.58561516 0.00000000 0.00000000 -40.74062729 -27.96980476 0.00000000 0.00000000 0.00000000 0.00000000 0.00000000 -44.39182281 -40.21905899 0.00000000 -49.70830536 -52.55205917 0.00000000 0.00000000 -41.85455704 -1.40475333 -4.99211597 -34.50003052 -41.15856552 0.00000000 0.00000000 -27.27197647 -52.84944534 0.00000000 -26.92308617 0.00000000 0.00000000 
Input QSin read:
10.00000000 9.75000000 9.50000000 9.25000000 9.00000000 8.75000000 8.50000000 8.25000000 0.00000000 0.00000000 0.00000000 0.00000000 
Qz1_buf content:
-4.97738838 -11.01804066 22.70423126 6.46952963 19.54400635 16.08836174 9.87252998 -2.01425481 -4.21657801 6.68889046 0.07326300 -5.74950647 17.27978516 8.78033733 23.69690704 5.83054352 -1.09852040 -13.30719185 6.69030428 7.34895992 -9.43422318 -13.48637295 1.83818388 -12.03509521 3.33487272 -0.99061710 10.51417542 8.36426067 -4.34378624 -10.46890926 1.76755083 -9.61192513 -9.06386757 6.45742655 22.09734344 -1.53010547 -1.99642634 14.20050526 13.38832474 -4.38199425 -15.32946396 -1.65330291 -3.13026619 -15.87768936 6.12004328 12.94034386 -6.65191793 23.53985786 7.85118008 -4.90817165 -2.93506646 1.10572767 7.25637579 5.05617094 6.28117466 23.60173798 -14.12845325 -2.47287178 11.99555969 10.16133022 -10.89388561 3.61012697 -11.04631710 -3.55919576 
 Q/Pi targ z1_buf content:
-2.29707170 -2.94666529 6.83601999 0.88692862 5.79856682 5.10605049 3.47943258 -0.39746118 -0.28968787 2.30207300 -0.06355965 -2.17506242 5.30801916 2.81356668 7.30090809 1.02982974 -0.93275630 -2.86157441 1.39667094 1.25671554 -2.24345779 -4.51664066 -0.28334236 -4.10586452 1.34008932 -1.07918727 3.77631092 2.23826766 -0.52168918 -2.12195921 -0.29145795 -3.48366022 -1.65523970 1.26290441 6.60167933 -0.58218324 -1.29714191 4.61455250 4.22892761 -1.87577724 -4.24020863 -1.12016881 -0.81684357 -5.19640684 2.17112756 4.18807173 -2.07843304 7.06177902 2.70372891 -1.45432329 -0.75973779 0.97650194 1.77006602 1.09608555 2.42613983 7.24518442 -4.56984425 0.07028818 4.04082298 3.53067684 -3.15606546 1.01680648 -3.20127535 -1.62222385 
Q/Qtarg z2_buf content:
129.02847290 
Pi targ z2_buf content:
44.59659195 48.32395172 44.43455505 48.04975510 

Input_Q targ after concatenation:
2.500000 2.500000 2.500000 2.500000 2.500000 2.500000 2.500000 2.500000 44.596592 48.323952 44.434555 48.049755 
 Q/Pi targ z1_buf content:
-12.49561214 -24.61507416 63.07368469 19.95480156 52.39933777 44.01525116 25.02442932 -4.10928726 -10.63154030 16.48891830 -1.33195496 -14.35763168 48.36426544 22.28012466 66.57476807 18.56633949 -1.61963177 -38.46606827 23.66823006 23.62368393 -24.01563644 -37.64158630 5.78257465 -35.01558685 8.76726818 -2.40104866 31.99112129 24.06292915 -12.09025764 -32.00347519 7.90540695 -27.35088730 -26.92863464 21.92580795 61.08374405 -2.04247093 -5.13765335 38.42893600 37.05344391 -12.56350517 -44.68866348 -3.96078777 -6.61556244 -43.51078796 14.04559517 34.65219116 -12.59435654 64.03559875 21.84740257 -16.08594322 -12.13329315 2.17469907 16.15272903 11.33390045 12.85267639 65.30606079 -39.02275085 -4.77896690 33.55099869 28.97750854 -26.78910828 6.33434296 -26.99735260 -5.48646975 
Q/Qtarg z2_buf content:
339.61325073 argmax_tq:339.613251 
tmpq:129.028473
sample in batch-tmpobj:-83.556305
(index,Qs and Loss_sqrt) out of all BATCHS: (10, 129.028473, -41.778152)

delt2_buf_fifo content:-83.556305

delt1_buf_fifo content:
0.00000000 0.00000000 -50.47193909 34.30081940 -51.64894104 -32.80937195 -35.78555679 0.00000000 0.00000000 -52.05883789 -9.80588055 0.00000000 -48.83055496 -20.99018478 -41.25955200 51.60446930 0.00000000 0.00000000 44.20760345 41.46395874 0.00000000 0.00000000 42.53324890 0.00000000 -29.71123695 0.00000000 -67.39095306 20.58446312 0.00000000 0.00000000 35.44963074 0.00000000 0.00000000 22.13295937 -28.27234459 0.00000000 0.00000000 -40.29415131 -27.66328239 0.00000000 0.00000000 0.00000000 0.00000000 0.00000000 -43.90533066 -39.77829361 0.00000000 -49.16354752 -51.97613907 0.00000000 0.00000000 -41.39587021 -1.38935864 -4.93740749 -34.12194443 -40.70750809 0.00000000 0.00000000 -26.97310257 -52.27026749 0.00000000 -26.62803650 0.00000000 0.00000000 
Input QSin read:
11.00000000 10.75000000 10.50000000 10.25000000 10.00000000 9.75000000 9.50000000 9.25000000 0.00000000 0.00000000 0.00000000 0.00000000 
Qz1_buf content:
-5.44719839 -11.98657799 25.11804771 7.25582170 21.56237411 17.77286530 10.85195065 -2.12697458 -4.68719721 7.30854368 0.01523907 -6.30894423 19.10006523 9.62550259 26.22462463 6.54401445 -1.14667499 -14.87753677 7.55528784 8.26779938 -10.44027233 -14.89395523 2.10149813 -13.26684952 3.67078161 -0.99942154 11.70370483 9.28729248 -4.86754084 -11.73836803 2.11301994 -10.60879040 -10.17231178 7.28947878 24.43759537 -1.53488863 -2.17361808 15.62424755 14.84397984 -4.76977968 -17.02495003 -1.75273991 -3.35775137 -17.52519417 6.66386223 14.26256561 -7.20865345 26.03377342 8.63875294 -5.53907013 -3.42149448 1.16944122 7.98768234 5.49534988 6.83483505 26.12207603 -15.58873367 -2.71321106 13.23967075 11.25357342 -11.93058586 3.83309889 -12.05134678 -3.80055380 
 Q/Pi targ z1_buf content:
-2.41452408 -3.18879938 7.43947411 1.08350182 6.30315876 5.52717686 3.72428775 -0.42564118 -0.40734243 2.45698595 -0.07806551 -2.31492186 5.76308870 3.02485824 7.93283653 1.20819736 -0.94479513 -3.25416088 1.61291635 1.48642588 -2.49497008 -4.86853647 -0.21751380 -4.41380358 1.42406654 -1.08138847 4.07369328 2.46902585 -0.65262771 -2.43932319 -0.20509064 -3.73287678 -1.93235040 1.47091746 7.18674231 -0.58337879 -1.34143972 4.97048759 4.59284115 -1.97272348 -4.66408062 -1.14502811 -0.87371492 -5.60828304 2.30708194 4.51862717 -2.21761680 7.68525791 2.90062237 -1.61204815 -0.88134444 0.99243033 1.95289314 1.20588028 2.56455517 7.87526894 -4.93491459 0.01020336 4.35184956 3.80373764 -3.41524172 1.07254910 -3.45253348 -1.68256330 
Q/Qtarg z2_buf content:
141.90447998 
Pi targ z2_buf content:
47.85526657 51.85686493 47.69322968 51.58266830 

Input_Q targ after concatenation:
2.750000 2.750000 2.750000 2.750000 2.750000 2.750000 2.750000 2.750000 47.855267 51.856865 47.693230 51.582668 
 Q/Pi targ z1_buf content:
-13.36772156 -26.41748047 67.79828644 21.54415512 56.31242371 47.28909683 26.84926033 -4.39402008 -11.49370384 17.68087006 -1.44987869 -15.39056015 51.97279739 23.91209030 71.55251312 20.02935982 -1.68251133 -41.46784210 25.52325821 25.49216461 -25.85417557 -40.42404938 6.28616524 -37.58990479 9.39876652 -2.50125122 34.37222672 25.89334869 -13.06339550 -34.51024628 8.59653568 -29.35308647 -29.05763817 23.65088081 65.65910339 -2.13312531 -5.47060108 41.26005554 39.83023453 -13.44317150 -48.07514191 -4.19345903 -7.08307648 -46.73200226 15.04447174 37.21310043 -13.48974609 68.83371735 23.44679451 -17.32652855 -13.10643768 2.28155708 17.38050079 12.17778587 13.75306606 70.19541168 -41.91298294 -5.17921829 36.02655029 31.12264252 -28.76331711 6.75887680 -28.97253036 -5.82641602 
Q/Qtarg z2_buf content:
364.43945312 argmax_tq:364.439453 
tmpq:141.904480
sample in batch-tmpobj:-82.630493
(index,Qs and Loss_sqrt) out of all BATCHS: (11, 141.904480, -41.315247)

delt2_buf_fifo content:-82.630493

delt1_buf_fifo content:
0.00000000 0.00000000 -49.91270828 33.92076492 -51.07666397 -32.44584274 -35.38904953 0.00000000 0.00000000 -51.48202133 -9.69723034 0.00000000 -48.28950500 -20.75761223 -40.80239105 51.03268814 0.00000000 0.00000000 43.71778107 41.00453186 0.00000000 0.00000000 42.06197357 0.00000000 -29.38203430 0.00000000 -66.64425659 20.35638618 0.00000000 0.00000000 35.05684662 0.00000000 0.00000000 21.88772392 -27.95908356 0.00000000 0.00000000 -39.84768677 -27.35677147 0.00000000 0.00000000 0.00000000 0.00000000 0.00000000 -43.41885757 -39.33754730 0.00000000 -48.61881256 -51.40023804 0.00000000 0.00000000 -40.93720245 -1.37396431 -4.88270044 -33.74386978 -40.25646591 0.00000000 0.00000000 -26.67423630 -51.69110870 0.00000000 -26.33299446 0.00000000 0.00000000 
Input QSin read:
12.00000000 11.75000000 11.50000000 11.25000000 11.00000000 10.75000000 10.50000000 10.25000000 0.00000000 0.00000000 0.00000000 0.00000000 
Qz1_buf content:
-5.91700840 -12.95511723 27.53186607 8.04211426 23.58073807 19.45736885 11.83137131 -2.23969364 -5.15781546 7.92819643 -0.04278486 -6.86838150 20.92034340 10.47066784 28.75233650 7.25748634 -1.19482911 -16.44787979 8.42027092 9.18663979 -11.44632053 -16.30153656 2.36481285 -14.49860573 4.00669050 -1.00822604 12.89323330 10.21032524 -5.39129496 -13.00782394 2.45848942 -11.60565472 -11.28075409 8.12153053 26.77784538 -1.53967178 -2.35080981 17.04798698 16.29963684 -5.15756464 -18.72043800 -1.85217619 -3.58523846 -19.17270279 7.20768166 15.58478737 -7.76538849 28.52768898 9.42632771 -6.16996908 -3.90792203 1.23315465 8.71898937 5.93452883 7.38849592 28.64241409 -17.04901505 -2.95354986 14.48377991 12.34581661 -12.96728802 4.05606890 -13.05637741 -4.04191113 
 Q/Pi targ z1_buf content:
-2.53197670 -3.43093395 8.04292870 1.28007543 6.80775023 5.94830322 3.96914315 -0.45382094 -0.52499676 2.61189938 -0.09257162 -2.45478106 6.21815872 3.23614883 8.56476593 1.38656533 -0.95683348 -3.64674664 1.82916200 1.71613574 -2.74648261 -5.22043180 -0.15168524 -4.72174263 1.50804377 -1.08358955 4.37107468 2.69978380 -0.78356624 -2.75668740 -0.11872327 -3.98209286 -2.20946074 1.67893028 7.77180481 -0.58457446 -1.38573766 5.32642221 4.95675564 -2.06966996 -5.08795166 -1.16988730 -0.93058670 -6.02015972 2.44303632 4.84918261 -2.35680008 8.30873680 3.09751558 -1.76977253 -1.00295150 1.00835848 2.13571978 1.31567430 2.70297027 8.50535297 -5.29998493 -0.04988146 4.66287708 4.07679844 -3.67441702 1.12829256 -3.70379019 -1.74290276 
Q/Qtarg z2_buf content:
154.78547668 
Pi targ z2_buf content:
51.14065933 55.39906311 50.97862244 55.12486649 

Input_Q targ after concatenation:
3.000000 3.000000 3.000000 3.000000 3.000000 3.000000 3.000000 3.000000 51.140659 55.399063 50.978622 55.124866 
 Q/Pi targ z1_buf content:
-14.24679470 -28.23394775 72.54316711 23.13691711 60.24485779 50.57857513 28.68817711 -4.67562485 -12.36357689 18.87935638 -1.56801414 -16.43213272 55.59371567 25.55257034 76.54957581 21.49414444 -1.74778938 -44.48738480 27.37525558 27.36391449 -27.70947266 -43.21659470 6.79271889 -40.16418457 10.03473949 -2.59625292 36.75997162 27.73001480 -14.04424095 -37.02627563 9.28961754 -31.36042213 -31.19853592 25.37680626 70.25446320 -2.21865082 -5.80591965 44.10030365 42.62385559 -14.31842995 -51.47154617 -4.42454767 -7.55108452 -49.96727753 16.05208015 39.78684235 -14.40216827 73.65808868 25.04912567 -18.57204819 -14.08233261 2.39008570 18.62736130 13.02636147 14.66975975 75.10871887 -44.81344604 -5.58594894 38.50999069 33.27648926 -30.74972534 7.18603897 -30.95564079 -6.17680931 
Q/Qtarg z2_buf content:
389.39855957 argmax_tq:389.398560 
tmpq:154.785477
sample in batch-tmpobj:-81.827606
(index,Qs and Loss_sqrt) out of all BATCHS: (12, 154.785477, -40.913803)

delt2_buf_fifo content:-81.827606

delt1_buf_fifo content:
0.00000000 0.00000000 -49.42772675 33.59117126 -50.58037186 -32.13057709 -35.04518890 0.00000000 0.00000000 -50.98178864 0.00000000 0.00000000 -47.82029724 -20.55591774 -40.40593338 50.53682327 0.00000000 0.00000000 43.29299164 40.60610962 0.00000000 0.00000000 41.65327454 0.00000000 -29.09654045 0.00000000 -65.99670410 20.15859032 0.00000000 0.00000000 34.71621323 0.00000000 0.00000000 21.67505074 -27.68741608 0.00000000 0.00000000 -39.46050262 -27.09095573 0.00000000 0.00000000 0.00000000 0.00000000 0.00000000 -42.99697495 -38.95532227 0.00000000 -48.14640427 -50.90080261 0.00000000 0.00000000 -40.53943253 -1.36061406 -4.83525705 -33.41599655 -39.86531067 0.00000000 0.00000000 -26.41505432 -51.18884659 0.00000000 -26.07712746 0.00000000 0.00000000 
Input QSin read:
13.00000000 12.75000000 12.50000000 12.25000000 12.00000000 11.75000000 11.50000000 11.25000000 0.00000000 0.00000000 0.00000000 0.00000000 
Qz1_buf content:
-6.38681841 -13.92365456 29.94568253 8.82840729 25.59910583 21.14187431 12.81079292 -2.35241270 -5.62843323 8.54785061 -0.10080927 -7.42781973 22.74062157 11.31583214 31.28005219 7.97095585 -1.24298394 -18.01822472 9.28525352 10.10547924 -12.45236969 -17.70911789 2.62812686 -15.73036194 4.34259987 -1.01703107 14.08276176 11.13335800 -5.91504812 -14.27728081 2.80395842 -12.60251904 -12.38919544 8.95358276 29.11809158 -1.54445493 -2.52800179 18.47172737 17.75529289 -5.54535055 -20.41592598 -1.95161343 -3.81272554 -20.82020760 7.75150108 16.90700912 -8.32212448 31.02160454 10.21390057 -6.80086803 -4.39434958 1.29686832 9.45029640 6.37370729 7.94215679 31.16275215 -18.50929832 -3.19388819 15.72789001 13.43806076 -14.00399303 4.27904177 -14.06140614 -4.28326845 
 Q/Pi targ z1_buf content:
-2.64942884 -3.67306805 8.64638329 1.47664845 7.31234169 6.36942911 4.21399784 -0.48200071 -0.64265108 2.76681280 -0.10707796 -2.59464049 6.67322826 3.44744062 9.19669437 1.56493282 -0.96887219 -4.03933191 2.04540801 1.94584560 -2.99799442 -5.57232761 -0.08585668 -5.02968168 1.59202111 -1.08579075 4.66845751 2.93054199 -0.91450477 -3.07405162 -0.03235602 -4.23130894 -2.48657131 1.88694370 8.35686684 -0.58577049 -1.43003559 5.68235779 5.32066917 -2.16661620 -5.51182413 -1.19474649 -0.98745835 -6.43203592 2.57899117 5.17973757 -2.49598408 8.93221569 3.29440928 -1.92749751 -1.12455857 1.02428722 2.31854606 1.42546928 2.84138536 9.13543701 -5.66505575 -0.10996580 4.97390509 4.34985924 -3.93359303 1.18403482 -3.95504761 -1.80324209 
Q/Qtarg z2_buf content:
167.66830444 
Pi targ z2_buf content:
54.43150711 58.94316101 54.26947021 58.66896439 

Input_Q targ after concatenation:
3.250000 3.250000 3.250000 3.250000 3.250000 3.250000 3.250000 3.250000 54.431507 58.943161 54.269470 58.668964 
 Q/Pi targ z1_buf content:
-15.12728691 -30.05329132 77.29219055 24.73037148 64.18124390 53.87124634 30.52997208 -4.95658684 -13.23501587 20.07917404 -1.68619347 -17.47546959 59.21716309 27.19479561 81.55058289 22.95928955 -1.81355953 -47.51055145 29.22663879 29.23633385 -29.56818199 -46.01119995 7.29987431 -42.73846436 10.67162323 -2.69019413 39.14907074 29.56795883 -15.02666187 -39.54420853 9.98309898 -33.36880493 -33.34186172 27.10291290 74.85391235 -2.30313492 -6.14172554 46.94242859 45.42091370 -15.19278717 -54.86998749 -4.65531397 -8.01919174 -53.20542908 17.06147766 42.36320496 -15.31806564 78.48780823 26.65205765 -19.81857491 -15.05878830 2.49895597 19.87811470 13.87588882 15.58978367 80.02692413 -47.71600342 -5.99399567 40.99504089 35.43212128 -32.73862839 7.61373901 -32.94038010 -6.52933311 
Q/Qtarg z2_buf content:
414.38491821 argmax_tq:414.384918 
tmpq:167.668304
sample in batch-tmpobj:-81.048309
(index,Qs and Loss_sqrt) out of all BATCHS: (13, 167.668304, -40.524155)

delt2_buf_fifo content:-81.048309

delt1_buf_fifo content:
0.00000000 0.00000000 -48.95699310 33.27125931 -50.09866333 -31.82457733 -34.71143341 0.00000000 0.00000000 -50.49625778 0.00000000 0.00000000 -47.36487198 -20.36015129 -40.02112198 50.05553055 0.00000000 0.00000000 42.88068390 40.21939087 0.00000000 0.00000000 41.25658417 0.00000000 -28.81943512 0.00000000 -65.36817169 19.96660805 0.00000000 0.00000000 34.38558960 0.00000000 0.00000000 21.46862411 -27.42373085 0.00000000 0.00000000 -39.08469391 -26.83295250 0.00000000 0.00000000 0.00000000 0.00000000 0.00000000 -42.58748627 -38.58432388 0.00000000 -47.68787384 -50.41604233 0.00000000 0.00000000 -40.15334702 -1.34765613 -4.78920794 -33.09775162 -39.48564529 0.00000000 0.00000000 -26.16348648 -50.70134354 0.00000000 -25.82877922 0.00000000 0.00000000 
Input QSin read:
14.00000000 13.75000000 13.50000000 13.25000000 13.00000000 12.75000000 12.50000000 12.25000000 0.00000000 0.00000000 0.00000000 0.00000000 
Qz1_buf content:
-6.85662794 -14.89218998 32.35950470 9.61470222 27.61746979 22.82637787 13.79021263 -2.46513128 -6.09905148 9.16750336 -0.15883321 -7.98725700 24.56090355 12.16099739 33.80776596 8.68442726 -1.29113877 -19.58856964 10.15023708 11.02432060 -13.45841885 -19.11669922 2.89144158 -16.96212006 4.67850828 -1.02583539 15.27229118 12.05638981 -6.43880177 -15.54673672 3.14942741 -13.59938526 -13.49763870 9.78563499 31.45834351 -1.54923713 -2.70519304 19.89546776 19.21094894 -5.93313551 -22.11141205 -2.05104971 -4.04021311 -22.46771240 8.29532051 18.22923088 -8.87885952 33.51552200 11.00147438 -7.43176746 -4.88077784 1.36058187 10.18160343 6.81288719 8.49581718 33.68309021 -19.96957970 -3.43422699 16.97200012 14.53030491 -15.04069805 4.50201368 -15.06643677 -4.52462626 
 Q/Pi targ z1_buf content:
-2.76688147 -3.91520262 9.24983788 1.67322195 7.81693268 6.79055500 4.45885324 -0.51018059 -0.76030636 2.92172599 -0.12158382 -2.73449993 7.12829828 3.65873146 9.82862282 1.74330044 -0.98091114 -4.43191814 2.26165390 2.17555594 -3.24950671 -5.92422295 -0.02002788 -5.33762074 1.67599833 -1.08799195 4.96583939 3.16129994 -1.04544330 -3.39141583 0.05401123 -4.48052549 -2.76368189 2.09495687 8.94192982 -0.58696544 -1.47433364 6.03829241 5.68458366 -2.26356268 -5.93569613 -1.21960568 -1.04433012 -6.84391212 2.71494603 5.51029301 -2.63516784 9.55569458 3.49130249 -2.08522224 -1.24616575 1.04021573 2.50137281 1.53526437 2.97980094 9.76552200 -6.03012609 -0.17005110 5.28493214 4.62292099 -4.19276905 1.23977804 -4.20630455 -1.86358166 
Q/Qtarg z2_buf content:
180.55111694 
Pi targ z2_buf content:
57.69944382 62.45663452 57.53740692 62.18243790 

Input_Q targ after concatenation:
3.500000 3.500000 3.500000 3.500000 3.500000 3.500000 3.500000 3.500000 57.699444 62.456635 57.537407 62.182438 
 Q/Pi targ z1_buf content:
-16.00270653 -31.86204910 82.00827789 26.31168365 68.09112549 57.14157867 32.36099243 -5.23421478 -14.10169792 21.27112579 -1.80345535 -18.51291656 62.81449127 28.82610703 86.51623535 24.41282654 -1.87955284 -50.51430893 31.06166077 31.09424210 -31.41684151 -48.78583145 7.80377197 -45.29133606 11.30465508 -2.78168297 41.52045441 31.39263344 -16.00339508 -42.04418564 10.67144585 -35.36214828 -35.47119904 28.81494904 79.42155457 -2.38526154 -6.47549820 49.76387024 48.20014191 -16.05845642 -58.24337387 -4.88365316 -8.48357391 -56.42118835 18.06529236 44.92227936 -16.23183060 83.28584290 28.24261475 -21.05633354 -16.02801132 2.60745645 21.12461472 14.71985817 16.50740051 84.91195679 -50.59773636 -6.40073776 43.46196747 37.57263947 -34.71493530 8.03873062 -34.91116333 -6.88228989 
Q/Qtarg z2_buf content:
439.20642090 argmax_tq:439.206421 
tmpq:180.551117
sample in batch-tmpobj:-80.104187
(index,Qs and Loss_sqrt) out of all BATCHS: (14, 180.551117, -40.052094)

delt2_buf_fifo content:-80.104187

delt1_buf_fifo content:
0.00000000 0.00000000 -48.38669968 32.88368607 -49.51507187 -31.45385742 -34.30708313 0.00000000 0.00000000 -49.90803146 0.00000000 0.00000000 -46.81312561 -20.12297821 -39.55492020 49.47243881 0.00000000 0.00000000 42.38117218 39.75088120 0.00000000 0.00000000 40.77599335 0.00000000 -28.48372078 0.00000000 -64.60670471 19.73401833 0.00000000 0.00000000 33.98503494 0.00000000 0.00000000 21.21853828 -27.10427475 0.00000000 0.00000000 -38.62940216 -26.52037811 0.00000000 0.00000000 0.00000000 0.00000000 0.00000000 -42.09138870 -38.13486099 0.00000000 -47.13236237 -49.82875061 0.00000000 0.00000000 -39.68560791 -1.33195746 -4.73341894 -32.71220016 -39.02568436 0.00000000 0.00000000 -25.85871124 -50.11072922 0.00000000 -25.52790260 0.00000000 0.00000000 
Input QSin read:
15.00000000 14.75000000 14.50000000 14.25000000 14.00000000 13.75000000 13.50000000 13.25000000 0.00000000 0.00000000 0.00000000 0.00000000 
Qz1_buf content:
-7.32643747 -15.86072922 34.77332306 10.40099335 29.63583755 24.51087952 14.76963329 -2.57785130 -6.56966877 9.78715611 -0.21685761 -8.54669476 26.38118172 13.00616264 36.33548355 9.39789677 -1.33929336 -21.15891266 11.01522064 11.94316101 -14.46446705 -20.52428246 3.15475559 -18.19387436 5.01441765 -1.03463984 16.46182060 12.97942257 -6.96255779 -16.81619453 3.49489641 -14.59624958 -14.60608006 10.61768818 33.79859161 -1.55401981 -2.88238478 21.31920815 20.66660500 -6.32092047 -23.80689621 -2.15048599 -4.26769781 -24.11521912 8.83913994 19.55145073 -9.43559551 36.00943756 11.78904819 -8.06266594 -5.36720657 1.42429471 10.91291046 7.25206709 9.04947853 36.20342636 -21.42986298 -3.67456722 18.21611023 15.62254810 -16.07740211 4.72498560 -16.07146263 -4.76598358 
 Q/Pi targ z1_buf content:
-2.88433409 -4.15733862 9.85329247 1.86979496 8.32152367 7.21168137 4.70370865 -0.53836060 -0.87796092 3.07663918 -0.13608968 -2.87435913 7.58336830 3.87002277 10.46055222 1.92166805 -0.99294955 -4.82450485 2.47789955 2.40526628 -3.50101900 -6.27611780 0.04580069 -5.64555979 1.75997567 -1.09019291 5.26322269 3.39205813 -1.17638206 -3.70877981 0.14037842 -4.72974157 -3.04079270 2.30297017 9.52699280 -0.58816159 -1.51863146 6.39422846 6.04849720 -2.36050892 -6.35956764 -1.24446487 -1.10120130 -7.25578880 2.85090137 5.84084892 -2.77435184 10.17917347 3.68819594 -2.24294710 -1.36777234 1.05614376 2.68420005 1.64505959 3.11821628 10.39560699 -6.39519691 -0.23013568 5.59595966 4.89598179 -4.45194435 1.29552126 -4.45756197 -1.92392111 
Q/Qtarg z2_buf content:
193.43391418 
Pi targ z2_buf content:
60.93034744 65.92748260 60.76831055 65.65328979 

Input_Q targ after concatenation:
3.750000 3.750000 3.750000 3.750000 3.750000 3.750000 3.750000 3.750000 60.930347 65.927483 60.768311 65.653290 
 Q/Pi targ z1_buf content:
-16.86964417 -33.65322876 86.67581940 27.87615585 71.96119690 60.37852478 34.17420197 -5.50825882 -14.96012115 22.45104599 -1.91947556 -19.54038239 66.37428284 30.44088745 91.43045807 25.85066414 -1.94521904 -53.48796082 32.87598801 32.93225098 -33.24792862 -51.53159714 8.30261040 -47.81610870 11.93146324 -2.87130356 43.86684418 33.19826508 -16.97065735 -44.51819229 11.35254097 -37.33440781 -37.57908249 30.50829124 83.94225311 -2.46562958 -6.80599308 52.55578613 50.95158005 -16.91387177 -61.58128738 -5.10921860 -8.94292450 -59.60389709 19.05950928 47.45532227 -17.13835907 88.03543091 29.81615639 -22.28129005 -16.98703003 2.71504188 22.36056519 15.55533600 17.41762543 89.74720764 -53.44944763 -6.80407715 45.90306091 39.69104767 -36.67150116 8.45948410 -36.86157990 -7.23309326 
Q/Qtarg z2_buf content:
463.77673340 argmax_tq:463.776733 
tmpq:193.433914
sample in batch-tmpobj:-78.908905
(index,Qs and Loss_sqrt) out of all BATCHS: (15, 193.433914, -39.454453)

delt2_buf_fifo content:-78.908905

delt1_buf_fifo content:
0.00000000 0.00000000 -47.66469193 32.39300919 -48.77622604 -30.98451614 -33.79516602 0.00000000 0.00000000 -49.16332626 0.00000000 0.00000000 -46.11459732 -19.82271194 -38.96469498 48.73423004 0.00000000 0.00000000 41.74877930 39.15773392 0.00000000 0.00000000 40.16754913 0.00000000 -28.05869865 0.00000000 -63.64267349 19.43955612 0.00000000 0.00000000 33.47792435 0.00000000 0.00000000 20.90192413 -26.69983673 0.00000000 0.00000000 -38.05298996 -26.12465096 0.00000000 0.00000000 0.00000000 0.00000000 0.00000000 -41.46331787 -37.56582642 0.00000000 -46.42907333 -49.08522797 0.00000000 0.00000000 -39.09343338 -1.31208253 -4.66278887 -32.22408295 -38.44335556 0.00000000 0.00000000 -25.47285843 -49.36299515 0.00000000 -25.14698601 0.00000000 0.00000000 
Q wa1 content from fpga:
46.906811 0.000000 -6015.758301 4047.259277 -6156.044922 -3910.553955 -4265.286133 8.485811 -57.704655 -6204.900391 -649.509521 0.000000 -5820.120605 -2501.823242 -4868.341309 6088.970703 0.000000 -45.576920 5056.290039 4892.459961 0.000000 49.990471 5026.814941 0.000000 -3505.720215 0.000000 -7707.909668 2428.824219 0.000000 -40.913582 3900.899658 50.254887 -42.178047 2531.479736 -3369.784668 39.785358 235.085480 -4802.666016 -3264.075684 0.000000 15.463559 0.000000 0.000000 0.000000 -5233.082520 -4741.181152 0.000000 -5859.810547 -6195.043945 -46.353298 -123.599930 -4884.426758 -165.597870 -588.490356 -4066.999756 -4803.204102 0.000000 -44.946850 -3182.639160 -6167.529785 0.000000 -3147.049316 0.000000 0.000000 
35.180107 -4.294590 -5819.319824 3928.684082 -5955.024902 -3782.858398 -4126.007324 6.277565 -42.688286 -6002.285645 -623.352051 0.000000 -5630.070801 -2420.128662 -4720.105469 5910.578125 0.000000 -34.182690 4910.787109 4749.122559 0.000000 37.492851 4872.393066 0.000000 -3398.974609 0.000000 -7486.102539 2354.868896 6.717014 -30.685186 3798.643555 37.691166 -26.846928 2458.632812 -3259.747803 29.432091 205.752396 -4645.839355 -3164.688232 0.000000 11.597670 0.000000 -2.980866 0.000000 -5062.201660 -4586.362305 0.000000 -5668.463867 -5992.750977 -40.569508 -108.177597 -4735.700195 -160.379150 -569.944458 -3934.195557 -4656.951660 0.000000 -33.250420 -3085.731201 -5979.734863 0.000000 -3050.373047 0.000000 0.000000 
23.453405 -8.589181 -5622.881348 3810.108887 -5754.005859 -3655.163086 -3986.728516 4.069319 -27.671917 -5799.670410 -597.194641 0.000000 -5440.020020 -2338.434082 -4571.869141 5732.185547 0.000000 -22.788460 4765.284668 4605.785156 0.000000 24.995235 4717.971680 0.000000 -3292.229004 0.000000 -7264.294922 2280.913818 13.434029 -20.456791 3696.387939 25.127443 -11.515807 2385.785156 -3149.710938 19.078827 176.419312 -4489.013184 -3065.300293 0.000000 7.731780 0.000000 -5.961732 0.000000 -4891.320312 -4431.543457 0.000000 -5477.118164 -5790.458008 -34.785717 -92.755257 -4586.974609 -155.160477 -551.398682 -3801.391846 -4510.698730 0.000000 -21.553988 -2988.822998 -5791.939453 0.000000 -2953.697021 0.000000 0.000000 
11.726703 -12.883772 -5426.442383 3691.533691 -5552.985840 -3527.468018 -3847.449707 1.861073 -12.655548 -5597.055664 -571.037231 0.000000 -5249.969727 -2256.739502 -4423.633301 5553.792969 0.000000 -11.394230 4619.781738 4462.446777 0.000000 12.497618 4563.549805 0.000000 -3185.483398 0.000000 -7042.487305 2206.958496 20.151043 -10.228395 3594.132324 12.563722 3.815313 2312.937988 -3039.673584 8.725561 147.086212 -4332.186523 -2965.912354 0.000000 3.865890 0.000000 -8.942598 0.000000 -4720.439453 -4276.725098 0.000000 -5285.771484 -5588.164062 -29.001926 -77.332916 -4438.248535 -149.941772 -532.852844 -3668.588135 -4364.446289 0.000000 -9.857559 -2891.914795 -5604.144531 0.000000 -2857.020508 0.000000 0.000000 
0.000000 -17.178362 -5230.002930 3572.958740 -5351.965820 -3399.772705 -3708.170898 -0.347173 2.360823 -5394.440430 -544.879822 0.000000 -5059.919434 -2175.044922 -4275.397461 5375.399902 0.000000 0.000000 4474.279297 4319.109863 0.000000 0.000000 4409.128418 0.000000 -3078.737793 0.000000 -6820.680664 2133.003174 26.868057 0.000000 3491.876221 0.000000 19.146433 2240.090576 -2929.636719 -1.627705 117.753136 -4175.359863 -2866.524658 0.000000 0.000000 0.000000 -11.923465 0.000000 -4549.558105 -4121.906250 0.000000 -5094.424316 -5385.871582 -23.218134 -61.910583 -4289.522461 -144.723083 -514.307007 -3535.784180 -4218.193359 0.000000 1.838873 -2795.006836 -5416.349609 0.000000 -2760.344727 0.000000 0.000000 
-11.726703 -21.472952 -5033.564453 3454.383057 -5150.946289 -3272.077148 -3568.892334 -2.555419 17.377192 -5191.825684 -518.722351 0.000000 -4869.868652 -2093.350342 -4127.161133 5197.007324 0.000000 11.394230 4328.776367 4175.771973 0.000000 -12.497618 4254.706543 0.000000 -2971.992188 0.000000 -6598.873535 2059.047852 33.585072 10.228395 3389.620850 -12.563722 34.477554 2167.243408 -2819.599609 -11.980970 88.420052 -4018.533691 -2767.136475 0.000000 -3.865890 0.000000 -14.904331 0.000000 -4378.676758 -3967.087402 0.000000 -4903.078613 -5183.578125 -17.434341 -46.488247 -4140.796875 -139.504395 -495.761169 -3402.979980 -4071.940186 0.000000 13.535305 -2698.098145 -5228.553711 0.000000 -2663.668457 0.000000 0.000000 
-23.453405 -25.767544 -4837.125488 3335.808105 -4949.927246 -3144.381836 -3429.613770 -4.763665 32.393562 -4989.210938 -492.564941 0.000000 -4679.818359 -2011.655518 -3978.924805 5018.614746 0.000000 22.788460 4183.273926 4032.434326 0.000000 -24.995235 4100.284668 0.000000 -2865.246582 0.000000 -6377.066406 1985.092529 40.302086 20.456791 3287.364990 -25.127443 49.808674 2094.395752 -2709.562500 -22.334236 59.086960 -3861.707031 -2667.749023 0.000000 -7.731780 0.000000 -17.885197 0.000000 -4207.795898 -3812.269043 0.000000 -4711.732422 -4981.284668 -11.650553 -31.065910 -3992.070801 -134.285706 -477.215332 -3270.176270 -3925.687744 0.000000 25.231731 -2601.190186 -5040.759277 0.000000 -2566.992676 0.000000 0.000000 
-35.180107 -30.062134 -4640.687012 3217.232910 -4748.907227 -3016.686768 -3290.334473 -6.971910 47.409931 -4786.595703 -466.407562 0.000000 -4489.768066 -1929.961182 -3830.688721 4840.222656 0.000000 34.182690 4037.771240 3889.096680 0.000000 -37.492851 3945.862549 0.000000 -2758.500732 0.000000 -6155.259277 1911.137451 47.019100 30.685186 3185.109131 -37.691166 65.139793 2021.548584 -2599.525391 -32.687500 29.753880 -3704.881104 -2568.361084 0.000000 -11.597670 0.000000 -20.866064 0.000000 -4036.914307 -3657.450195 0.000000 -4520.385742 -4778.991699 -5.866760 -15.643574 -3843.345215 -129.067017 -458.669495 -3137.371826 -3779.434814 0.000000 36.928165 -2504.281982 -4852.963867 0.000000 -2470.316162 0.000000 0.000000 
46.906811 34.356724 -226.828979 75.814697 -232.118591 -147.450577 -160.826019 17.665968 -120.130951 -233.960754 -23.561134 0.000000 -219.452316 -94.333252 -136.036484 114.060745 0.000000 -45.576920 92.455978 91.647293 0.000000 49.990471 102.197006 0.000000 -97.960648 0.000000 -140.941742 67.868843 -53.736115 -40.913582 35.612762 50.254887 -80.470917 46.288971 -127.060440 82.826126 117.332344 -181.088348 -91.208359 0.000000 15.463559 0.000000 23.846930 0.000000 -197.317596 -178.770020 0.000000 -220.948853 -233.589081 -23.135164 -61.689346 -136.485947 -4.734041 -16.823513 -153.349487 -134.216354 0.000000 -93.571442 -88.932770 -172.339813 0.000000 -63.980667 0.000000 0.000000 
0.000000 51.535088 -158.335861 51.687996 -162.028229 -102.926498 -112.263107 26.498951 -180.196442 -163.314117 0.000000 0.000000 -153.186646 -65.848450 -129.435608 77.762909 0.000000 0.000000 138.683960 62.482147 0.000000 0.000000 0.000000 0.000000 -93.207321 0.000000 -211.412613 64.575653 -80.604172 0.000000 53.419144 0.000000 -57.439301 69.433456 -88.693359 124.239189 0.000000 -126.407043 -86.782669 0.000000 0.000000 0.000000 35.770393 0.000000 -137.735703 -124.788750 0.000000 -154.231293 -163.054688 0.000000 0.000000 -129.863266 -2.093628 -7.440192 -107.044182 -127.703789 0.000000 -140.357162 -84.617493 -163.977402 0.000000 0.000000 0.000000 0.000000 
-46.906811 68.713448 -89.842743 27.561295 -91.937843 -58.402424 -63.700184 35.331936 -240.261902 -92.667496 23.561134 0.000000 -86.920975 -37.363640 -122.834732 41.465076 0.000000 45.576920 184.911957 33.317005 0.000000 -49.990471 -102.197006 0.000000 -88.453995 0.000000 -281.883484 61.282471 -107.472229 40.913582 71.225525 -50.254887 -34.407684 92.577942 -50.326267 165.652252 -117.332344 -71.725723 -82.356979 0.000000 -15.463559 0.000000 47.693859 0.000000 -78.153809 -70.807480 0.000000 -87.513733 -92.520287 23.135164 61.689346 -123.240578 0.546785 1.943127 -60.738876 -121.191238 0.000000 -187.142883 -80.302223 -155.614990 0.000000 63.980667 0.000000 0.000000 
-93.813622 85.891808 -21.349609 3.434593 -21.847473 -13.878357 -15.137268 44.164917 -300.327393 -22.020874 47.122269 0.000000 -20.655296 -8.878838 -116.233856 5.167244 0.000000 91.153839 231.139954 4.151863 0.000000 -99.980942 -204.394012 0.000000 -83.700668 0.000000 -352.354370 57.989269 -134.340286 81.827164 89.031906 -100.509773 -11.376068 115.722427 -11.959190 207.065308 -234.664688 -17.044395 -77.931282 0.000000 -30.927118 0.000000 59.617325 0.000000 -18.571930 -16.826202 0.000000 -20.796165 -21.985886 46.270329 123.378693 -116.617889 3.187198 11.326447 -14.433563 -114.678688 0.000000 -233.928619 -75.986954 -147.252563 0.000000 127.961334 0.000000 0.000000 

Q wa2 content from fpga:
-23.275303 -12.805033 -22394.085938 -6224.034180 -19561.095703 -15924.587891 -9934.949219 -47.833302 -72.695168 -6939.164062 -473.703491 0.000000 -17094.763672 -9014.802734 -23336.841797 -5570.465820 0.000000 -113.457153 -6319.527344 -6978.557129 0.000000 -24.480854 -1773.818604 0.000000 -3319.406006 0.000000 -10230.421875 -8178.454590 -30.949467 -140.028198 -1594.556885 -56.113152 -115.495819 -6085.050781 -21847.439453 -29.465668 -83.115173 -14312.249023 -13121.566406 0.000000 -64.063065 0.000000 -16.306904 0.000000 -6437.257812 -12935.581055 0.000000 -23263.052734 -7876.541504 -350.577057 -636.572632 -1191.146362 -7432.685547 -5551.747070 -6581.784668 -23237.726562 0.000000 -103.177574 -11881.972656 -9977.881836 0.000000 -4313.897949 0.000000 0.000000 
Q gr_bias1 content from fpga:
46.906811 17.178362 -785.754944 474.300903 -804.078674 -510.781403 -557.115112 8.832984 -60.065475 -810.460022 -104.629646 0.000000 -760.201599 -326.778473 -592.944580 713.570312 0.000000 -45.576920 582.010742 573.350464 0.000000 49.990471 617.687134 0.000000 -426.982727 0.000000 -887.228882 295.821045 -26.868057 -40.913582 409.023132 50.254887 -61.324478 291.389252 -440.148193 41.413063 117.332344 -627.305542 -397.551422 0.000000 15.463559 0.000000 11.923465 0.000000 -683.524902 -619.274658 0.000000 -765.385803 -809.172546 -23.135164 -61.689346 -594.903564 -20.874769 -74.183334 -531.215698 -585.011108 0.000000 -46.785721 -387.632751 -751.180481 0.000000 -386.704346 0.000000 0.000000 
Q gr_bias2 content from fpga:
-1300.817627 
w1bram_policy updated.

w2bram_policy updated.

biases updated.

All Transfer Finished.
q.finish
============================================================================
================= DATA BACK TO HOST: Learners Train round 1 ================
============================================================================

Qs content:
25.55969048 10.08132267 51.06583023 33.81904984 51.64296722 64.64848328 77.52448273 90.40047455 103.27647400 116.15248108 129.02847290 141.90447998 154.78547668 167.66830444 180.55111694 193.43391418 

Loss content:
-22.70230293 -50.01134491 -20.98520279 -50.37134933 -45.28123474 -44.79097748 -43.99143219 -43.29195404 -42.70396423 -42.24107361 -41.77815247 -41.31524658 -40.91380310 -40.52415466 -40.05209351 -39.45445251 
