INFO: Found Xilinx Platform
INFO: Loading './top.xclbin'
the size of buff isx
Host: init input states/actions...

Host: input snt content:
0.000000 0.000000 0.000000 0.000000 0.000000 0.000000 0.000000 0.000000 
0.250000 0.250000 0.250000 0.250000 0.250000 0.250000 0.250000 0.250000 
0.500000 0.500000 0.500000 0.500000 0.500000 0.500000 0.500000 0.500000 
0.750000 0.750000 0.750000 0.750000 0.750000 0.750000 0.750000 0.750000 
1.000000 1.000000 1.000000 1.000000 1.000000 1.000000 1.000000 1.000000 
1.250000 1.250000 1.250000 1.250000 1.250000 1.250000 1.250000 1.250000 
1.500000 1.500000 1.500000 1.500000 1.500000 1.500000 1.500000 1.500000 
1.750000 1.750000 1.750000 1.750000 1.750000 1.750000 1.750000 1.750000 
2.000000 2.000000 2.000000 2.000000 2.000000 2.000000 2.000000 2.000000 
2.250000 2.250000 2.250000 2.250000 2.250000 2.250000 2.250000 2.250000 
2.500000 2.500000 2.500000 2.500000 2.500000 2.500000 2.500000 2.500000 
2.750000 2.750000 2.750000 2.750000 2.750000 2.750000 2.750000 2.750000 
3.000000 3.000000 3.000000 3.000000 3.000000 3.000000 3.000000 3.000000 
3.250000 3.250000 3.250000 3.250000 3.250000 3.250000 3.250000 3.250000 
3.500000 3.500000 3.500000 3.500000 3.500000 3.500000 3.500000 3.500000 
3.750000 3.750000 3.750000 3.750000 3.750000 3.750000 3.750000 3.750000 

Host: input acts content:
2.000000 3.000000 4.000000 5.000000 
1.000000 0.000000 -1.000000 -2.000000 
2.000000 3.000000 4.000000 5.000000 
1.000000 0.000000 -1.000000 -2.000000 
2.000000 3.000000 4.000000 5.000000 
1.000000 0.000000 -1.000000 -2.000000 
2.000000 3.000000 4.000000 5.000000 
1.000000 0.000000 -1.000000 -2.000000 
2.000000 3.000000 4.000000 5.000000 
1.000000 0.000000 -1.000000 -2.000000 
2.000000 3.000000 4.000000 5.000000 
1.000000 0.000000 -1.000000 -2.000000 
2.000000 3.000000 4.000000 5.000000 
1.000000 0.000000 -1.000000 -2.000000 
2.000000 3.000000 4.000000 5.000000 
1.000000 0.000000 -1.000000 -2.000000 

Host: Init input reward/done content...

Host: Init replay insert inputs...
flags set
Learners buffers allocated
Replay buffers allocated
migrated
Hi1
Hi2

Weight init.

Q_top: Q init done. Q send axis content:
0.099154 -0.830991 0.134747 0.520034 0.481924 0.035556 0.051558 -0.287943 -0.419871 0.478780 -0.011509 0.202775 -0.082250 0.331820 -0.125244 0.277928 0.314522 -0.370714 -0.043704 0.164276 -0.395137 0.223899 0.143742 0.132874 -0.116090 0.192512 -0.600439 0.241507 -0.262902 -0.040665 0.003040 0.483346 
0.294025 -0.912426 0.386822 0.155215 0.362745 0.194562 -0.053564 -0.729080 -0.407375 -0.069726 0.509302 -0.107244 0.564254 0.220901 0.505540 0.107965 -0.116926 0.040131 0.133254 0.213805 -0.161196 -0.294387 0.282163 -0.528691 -0.072148 -0.199236 -0.128207 0.059317 -0.134424 -0.275485 -0.113231 -0.366743 
-0.373523 0.281799 0.385810 -0.533991 0.090044 0.412528 0.495891 0.497390 0.103310 -0.268915 0.014871 -0.549754 0.308279 -0.068278 0.560214 -0.366671 -0.439308 -0.230053 -0.360420 -0.221452 -0.298116 -0.427615 -0.043931 0.197258 0.283273 0.108134 0.664345 -0.129072 -0.039714 -0.152727 0.016996 -0.512272 
-0.254561 0.977349 0.299529 0.251888 0.074469 0.199605 -0.004173 0.463273 0.488627 0.169687 -0.541676 0.174504 0.119858 -0.061861 0.323348 0.337513 0.217636 -0.224535 0.703361 0.302791 0.351424 -0.205688 -0.250317 -0.417319 0.072920 -0.105812 0.659066 0.289764 0.175163 -0.165851 0.265930 -0.102764 
0.099154 -0.830991 0.134747 0.520034 0.481924 0.035556 0.051558 -0.287943 -0.419871 0.478780 -0.011509 0.202775 -0.082250 0.331820 -0.125244 0.277928 0.314522 -0.370714 -0.043704 0.164276 -0.395137 0.223899 0.143742 0.132874 -0.116090 0.192512 -0.600439 0.241507 -0.262902 -0.040665 0.003040 0.483346 
0.294025 -0.912426 0.386822 0.155215 0.362745 0.194562 -0.053564 -0.729080 -0.407375 -0.069726 0.509302 -0.107244 0.564254 0.220901 0.505540 0.107965 -0.116926 0.040131 0.133254 0.213805 -0.161196 -0.294387 0.282163 -0.528691 -0.072148 -0.199236 -0.128207 0.059317 -0.134424 -0.275485 -0.113231 -0.366743 
-0.373523 0.281799 0.385810 -0.533991 0.090044 0.412528 0.495891 0.497390 0.103310 -0.268915 0.014871 -0.549754 0.308279 -0.068278 0.560214 -0.366671 -0.439308 -0.230053 -0.360420 -0.221452 -0.298116 -0.427615 -0.043931 0.197258 0.283273 0.108134 0.664345 -0.129072 -0.039714 -0.152727 0.016996 -0.512272 
-0.254561 0.977349 0.299529 0.251888 0.074469 0.199605 -0.004173 0.463273 0.488627 0.169687 -0.541676 0.174504 0.119858 -0.061861 0.323348 0.337513 0.217636 -0.224535 0.703361 0.302791 0.351424 -0.205688 -0.250317 -0.417319 0.072920 -0.105812 0.659066 0.289764 0.175163 -0.165851 0.265930 -0.102764 
0.099154 -0.830991 0.134747 0.520034 0.481924 0.035556 0.051558 -0.287943 -0.419871 0.478780 -0.011509 0.202775 -0.082250 0.331820 -0.125244 0.277928 0.314522 -0.370714 -0.043704 0.164276 -0.395137 0.223899 0.143742 0.132874 -0.116090 0.192512 -0.600439 0.241507 -0.262902 -0.040665 0.003040 0.483346 
0.294025 -0.912426 0.386822 0.155215 0.362745 0.194562 -0.053564 -0.729080 -0.407375 -0.069726 0.509302 -0.107244 0.564254 0.220901 0.505540 0.107965 -0.116926 0.040131 0.133254 0.213805 -0.161196 -0.294387 0.282163 -0.528691 -0.072148 -0.199236 -0.128207 0.059317 -0.134424 -0.275485 -0.113231 -0.366743 
-0.373523 0.281799 0.385810 -0.533991 0.090044 0.412528 0.495891 0.497390 0.103310 -0.268915 0.014871 -0.549754 0.308279 -0.068278 0.560214 -0.366671 -0.439308 -0.230053 -0.360420 -0.221452 -0.298116 -0.427615 -0.043931 0.197258 0.283273 0.108134 0.664345 -0.129072 -0.039714 -0.152727 0.016996 -0.512272 
-0.254561 0.977349 0.299529 0.251888 0.074469 0.199605 -0.004173 0.463273 0.488627 0.169687 -0.541676 0.174504 0.119858 -0.061861 0.323348 0.337513 0.217636 -0.224535 0.703361 0.302791 0.351424 -0.205688 -0.250317 -0.417319 0.072920 -0.105812 0.659066 0.289764 0.175163 -0.165851 0.265930 -0.102764 

Qz1_buf content:
-1.96580410 0.28202057 3.03689909 -0.76420796 2.14495540 2.54626083 1.98343897 0.65573704 1.28411126 1.01351988 -0.49050355 -1.39780664 2.43765211 1.07261872 3.54348373 -0.20353043 -1.00776505 -0.26767737 0.42795372 -0.24132729 -0.08293748 -2.58481765 -1.08829665 -2.33541775 1.02485061 -1.21178031 2.98609233 0.72743630 0.68163717 -0.12229162 -0.62312126 -2.33971977 
===================================pn_out send from Q=======================================:7.000000
Qz1_buf content:
0.23270023 -5.36868668 0.12974578 -0.05685806 1.62165642 0.15164176 0.62175632 -2.71166277 -1.48144960 1.52033484 1.65245354 -0.31104684 0.26702267 1.69767523 -0.38468188 -0.62112051 -0.34657097 1.13431418 -2.18455243 -1.14045620 -1.17965198 0.24475300 0.15666199 -0.17903143 -0.23351163 -0.61537373 -2.77450180 -0.15198064 -0.20351252 1.39996433 -1.88748658 0.56100422 
===================================pn_out send from Q=======================================:4294967296.000000
Qz1_buf content:
-2.90542388 -1.65505505 7.86453533 0.80837810 6.18168688 5.91526890 3.94228077 0.43029892 0.34287500 2.25282574 -0.60655189 -2.51668215 6.07821131 2.76294827 8.59891319 1.22341108 -1.10407412 -3.40836525 2.15792012 1.59635293 -2.09503531 -5.39998150 -0.56166780 -4.79893064 1.69666851 -1.22938955 5.36515045 2.57350111 -0.36587119 -2.66120529 0.06781700 -4.33344936 
===================================pn_out send from Q=======================================:17.000000
Qz1_buf content:
-0.70691961 -7.30576277 4.95738268 1.51572752 5.65838766 3.52064991 2.58059812 -2.93710113 -2.42268586 2.75964069 1.53640509 -1.42992210 3.90758181 3.38800478 4.67074823 0.80582094 -0.44288003 -2.00637388 -0.45458579 0.69722414 -3.19174957 -2.57041025 0.68329084 -2.64254427 0.43830627 -0.63298297 -0.39544374 1.69408393 -1.25102067 -1.13894916 -1.19654834 -1.43272543 
===================================pn_out send from Q=======================================:6.000000
Qz1_buf content:
-2.15852904 -5.20681238 8.22132206 1.75177240 7.43381166 5.98133707 3.99600506 -1.33794057 -1.39286900 2.97097301 0.42140824 -2.39288044 6.35810614 3.70935011 8.53061771 1.54971910 -0.80959308 -3.88512778 1.50040448 1.83591866 -3.39792943 -5.04088211 0.25829750 -4.64455509 1.31941915 -0.93778968 3.37700033 2.82606673 -1.20126128 -2.85216999 -0.30526370 -3.63073635 
===================================pn_out send from Q=======================================:15.000000
Qz1_buf content:
-2.62833905 -6.17534924 10.63514042 2.53806543 9.45217800 7.66584110 4.97542572 -1.45065975 -1.86348724 3.59062600 0.36338407 -2.95231819 8.17838573 4.55451488 11.05833244 2.26318979 -0.85774750 -5.45547199 2.36538744 2.75475883 -4.40397739 -6.44846439 0.52161175 -5.87631083 1.65532815 -0.94659412 4.56652927 3.74909902 -1.72501588 -4.12162638 0.04020536 -4.62760067 
===================================pn_out send from Q=======================================:20.000000
Qz1_buf content:
-3.09814882 -7.14388990 13.04895973 3.32435799 11.47054386 9.35034561 5.95484686 -1.56337905 -2.33410525 4.21027899 0.30535966 -3.51175570 9.99866676 5.39967918 13.58604813 2.97666073 -0.90590209 -7.02581596 3.23037100 3.67359900 -5.41002703 -7.85604620 0.78492624 -7.10806799 1.99123704 -0.95539874 5.75605822 4.67213154 -2.24876976 -5.39108276 0.38567448 -5.62446594 
===================================pn_out send from Q=======================================:25.000000
Qz1_buf content:
-3.56795883 -8.11242676 15.46277618 4.11065102 13.48891068 11.03484917 6.93426752 -1.67609799 -2.80472350 4.82993221 0.24733526 -4.07119322 11.81894493 6.24484444 16.11375999 3.69013119 -0.95405674 -8.59615993 4.09535408 4.59243870 -6.41607571 -9.26362801 1.04824066 -8.33982468 2.32714605 -0.96420330 6.94558668 5.59516382 -2.77252364 -6.66054010 0.73114359 -6.62133121 
===================================pn_out send from Q=======================================:29.000000
Qz1_buf content:
-4.03776836 -9.08096504 17.87659454 4.89694452 15.50727558 12.71935272 7.91368866 -1.78881752 -3.27534103 5.44958496 0.18931133 -4.63063049 13.63922501 7.09000826 18.64147758 4.40360212 -1.00221109 -10.16650391 4.96033716 5.51127911 -7.42212486 -10.67121029 1.31155467 -9.57158089 2.66305494 -0.97300786 8.13511562 6.51819611 -3.29627776 -7.92999697 1.07661259 -7.61819553 
===================================pn_out send from Q=======================================:34.000000
Qz1_buf content:
-4.50757837 -10.04950142 20.29041100 5.68323755 17.52564240 14.40385628 8.89310932 -1.90153611 -3.74595976 6.06923771 0.13128763 -5.19006824 15.45950508 7.93517303 21.16919136 5.11707306 -1.05036533 -11.73684883 5.82532072 6.43011856 -8.42817402 -12.07879066 1.57486939 -10.80333710 2.99896383 -0.98181236 9.32464600 7.44122887 -3.82003188 -9.19945335 1.42208207 -8.61505985 
===================================pn_out send from Q=======================================:39.000000
Qz1_buf content:
-4.97738838 -11.01804066 22.70423126 6.46952963 19.54400635 16.08836174 9.87252998 -2.01425481 -4.21657801 6.68889046 0.07326300 -5.74950647 17.27978516 8.78033733 23.69690704 5.83054352 -1.09852040 -13.30719185 6.69030428 7.34895992 -9.43422318 -13.48637295 1.83818388 -12.03509521 3.33487272 -0.99061710 10.51417542 8.36426067 -4.34378624 -10.46890926 1.76755083 -9.61192513 
===================================pn_out send from Q=======================================:44.000000
Qz1_buf content:
-5.44719839 -11.98657799 25.11804771 7.25582170 21.56237411 17.77286530 10.85195065 -2.12697458 -4.68719721 7.30854368 0.01523907 -6.30894423 19.10006523 9.62550259 26.22462463 6.54401445 -1.14667499 -14.87753677 7.55528784 8.26779938 -10.44027233 -14.89395523 2.10149813 -13.26684952 3.67078161 -0.99942154 11.70370483 9.28729248 -4.86754084 -11.73836803 2.11301994 -10.60879040 
===================================pn_out send from Q=======================================:49.000000
Qz1_buf content:
-5.91700840 -12.95511723 27.53186607 8.04211426 23.58073807 19.45736885 11.83137131 -2.23969364 -5.15781546 7.92819643 -0.04278486 -6.86838150 20.92034340 10.47066784 28.75233650 7.25748634 -1.19482911 -16.44787979 8.42027092 9.18663979 -11.44632053 -16.30153656 2.36481285 -14.49860573 4.00669050 -1.00822604 12.89323330 10.21032524 -5.39129496 -13.00782394 2.45848942 -11.60565472 
===================================pn_out send from Q=======================================:54.000000
Qz1_buf content:
-6.38681841 -13.92365456 29.94568253 8.82840729 25.59910583 21.14187431 12.81079292 -2.35241270 -5.62843323 8.54785061 -0.10080927 -7.42781973 22.74062157 11.31583214 31.28005219 7.97095585 -1.24298394 -18.01822472 9.28525352 10.10547924 -12.45236969 -17.70911789 2.62812686 -15.73036194 4.34259987 -1.01703107 14.08276176 11.13335800 -5.91504812 -14.27728081 2.80395842 -12.60251904 
===================================pn_out send from Q=======================================:59.000000
Qz1_buf content:
-6.85662794 -14.89218998 32.35950470 9.61470222 27.61746979 22.82637787 13.79021263 -2.46513128 -6.09905148 9.16750336 -0.15883321 -7.98725700 24.56090355 12.16099739 33.80776596 8.68442726 -1.29113877 -19.58856964 10.15023708 11.02432060 -13.45841885 -19.11669922 2.89144158 -16.96212006 4.67850828 -1.02583539 15.27229118 12.05638981 -6.43880177 -15.54673672 3.14942741 -13.59938526 
===================================pn_out send from Q=======================================:63.000000
Qz1_buf content:
-7.32643747 -15.86072922 34.77332306 10.40099335 29.63583755 24.51087952 14.76963329 -2.57785130 -6.56966877 9.78715611 -0.21685761 -8.54669476 26.38118172 13.00616264 36.33548355 9.39789677 -1.33929336 -21.15891266 11.01522064 11.94316101 -14.46446705 -20.52428246 3.15475559 -18.19387436 5.01441765 -1.03463984 16.46182060 12.97942257 -6.96255779 -16.81619453 3.49489641 -14.59624958 
===================================pn_out send from Q=======================================:68.000000
Q wa1 content from fpga:
2.226878 0.000000 6689.616211 -4548.225098 6845.618164 4348.597168 4743.064453 -6.914494 47.019485 6899.946289 506.692810 0.000000 6472.065430 2782.066406 5470.939453 -6842.656250 0.000000 -2.163743 -5840.606934 -5498.043457 0.000000 2.373274 -5602.595215 0.000000 3939.654297 0.000000 8903.538086 -2729.461426 0.000000 -1.942353 -4632.147949 2.385827 
1.670159 1.380778 6528.682617 -4439.864746 6680.930664 4243.981445 4628.959473 -5.681236 38.633171 6733.952148 491.287598 0.000000 6316.364258 2715.137451 5338.793457 -6679.631836 0.000000 -1.622807 -5700.789062 -5367.053711 0.000000 1.779955 -5473.184082 0.000000 3844.495117 0.000000 8690.395508 -2663.533691 -2.159625 -1.456765 -4524.788574 1.789370 
1.113439 2.761556 6367.748047 -4331.503906 6516.243164 4139.366211 4514.854004 -4.447979 30.246857 6567.957520 475.882446 0.000000 6160.664062 2648.208252 5206.647461 -6516.606934 0.000000 -1.081871 -5560.970703 -5236.063965 0.000000 1.186637 -5343.772461 0.000000 3749.336426 0.000000 8477.254883 -2597.605713 -4.319250 -0.971176 -4417.428711 1.192913 
0.556720 4.142334 6206.813965 -4223.143555 6351.556152 4034.750000 4400.748047 -3.214722 21.860542 6401.963379 460.477234 0.000000 6004.963379 2581.279297 5074.500977 -6353.582520 0.000000 -0.540936 -5421.152344 -5105.074219 0.000000 0.593318 -5214.361816 0.000000 3654.177734 0.000000 8264.113281 -2531.677734 -6.478875 -0.485588 -4310.069824 0.596457 
0.000000 5.523112 6045.879395 -4114.783203 6186.868652 3930.134521 4286.642578 -1.981465 13.474228 6235.969238 445.072083 0.000000 5849.262695 2514.350098 4942.355957 -6190.557617 0.000000 0.000000 -5281.334473 -4974.084961 0.000000 0.000000 -5084.950195 0.000000 3559.018311 0.000000 8050.971680 -2465.750000 -8.638500 0.000000 -4202.710449 0.000000 
-0.556720 6.903890 5884.944824 -4006.422852 6022.181152 3825.518799 4172.537109 -0.748208 5.087914 6069.974609 429.666901 0.000000 5693.562500 2447.420898 4810.209473 -6027.532715 0.000000 0.540936 -5141.516602 -4843.095215 0.000000 -0.593318 -4955.539062 0.000000 3463.858887 0.000000 7837.830078 -2399.822021 -10.798125 0.485588 -4095.351074 -0.596457 
-1.113439 8.284668 5724.010254 -3898.062500 5857.494141 3720.903320 4058.431641 0.485049 -3.298401 5903.980469 414.261719 0.000000 5537.861328 2380.491699 4678.063965 -5864.508301 0.000000 1.081871 -5001.698242 -4712.105469 0.000000 -1.186637 -4826.127930 0.000000 3368.700195 0.000000 7624.688477 -2333.894287 -12.957750 0.971176 -3987.991211 -1.192913 
-1.670159 9.665445 5563.076172 -3789.701904 5692.806641 3616.287598 3944.326172 1.718307 -11.684715 5737.985840 398.856506 0.000000 5382.161133 2313.562744 4545.917480 -5701.483398 0.000000 1.622807 -4861.880371 -4581.116211 0.000000 -1.779955 -4696.716309 0.000000 3273.541016 0.000000 7411.547363 -2267.966309 -15.117375 1.456765 -3880.632080 -1.789370 
2.226878 -11.046224 64.165932 -33.571079 65.662277 41.711178 45.494862 -9.866057 67.090515 66.183380 1.013097 0.000000 62.079208 26.685219 54.798843 -50.506599 0.000000 -2.163743 -51.634644 -40.581821 0.000000 2.373274 -4.394334 0.000000 39.460957 0.000000 78.712883 -27.339239 17.277000 -1.942353 -29.018347 2.385827 
0.000000 -16.569336 88.427116 -42.116932 90.489227 57.482201 62.696495 -14.799086 100.635773 91.207367 0.000000 0.000000 85.551407 36.774921 72.286964 -63.363556 0.000000 0.000000 -77.451965 -50.912327 0.000000 0.000000 0.000000 0.000000 52.054253 0.000000 118.069321 -36.064095 25.915501 0.000000 -43.527519 0.000000 
-2.226878 -22.092447 112.688309 -50.662785 115.316177 73.253227 79.898132 -19.732115 134.181030 116.231354 -1.013097 0.000000 109.023590 46.864620 89.775078 -76.220512 0.000000 2.163743 -103.269287 -61.242832 0.000000 -2.373274 4.394334 0.000000 64.647545 0.000000 157.425766 -44.788948 34.554001 1.942353 -58.036694 -2.385827 
-4.453757 -27.615559 136.949493 -59.208637 140.143127 89.024239 97.099770 -24.665144 167.726288 141.255341 -2.026195 0.000000 132.495773 56.954319 107.263199 -89.077469 0.000000 4.327485 -129.086609 -71.573341 0.000000 -4.746548 8.788668 0.000000 77.240845 0.000000 196.782196 -53.513798 43.192501 3.884706 -72.545868 -4.771653 

Q wa2 content from fpga:
-1.104984 4.117018 25414.873047 7269.310547 21809.015625 18003.386719 11019.422852 24.288322 30.471724 7416.116211 101.739708 0.000000 19333.871094 9751.024414 26546.207031 6565.057129 0.000000 -5.386324 7593.915039 8289.729492 0.000000 -1.162217 2095.646484 0.000000 3739.645996 0.000000 11884.692383 9374.535156 9.950737 -6.647772 2100.551270 -2.663945 
Q gr_bias1 content from fpga:
2.226878 -5.523112 643.737488 -433.441711 658.749329 418.462738 456.422028 -4.933029 33.545258 663.977356 61.620720 0.000000 622.802673 267.716431 528.584106 -652.098938 0.000000 -2.163743 -559.272583 -523.958496 0.000000 2.373274 -517.645020 0.000000 380.636414 0.000000 852.566223 -263.711548 8.638500 -1.942353 -429.437561 2.385827 
Q gr_bias2 content from fpga:
1065.707520 
w1bram_policy updated.

w2bram_policy updated.

biases updated.

All Transfer Finished.
Entered update: parent memoinization array:

0 0
0 0
0 0
0 0
0 0
0 0
0 0
0 0
0 0
0 0
0 0
0 0
0 0
0 0
0 0
0 0
Tree content before update
Learner at index 0: 
TLev0 with priority 0.000000
TLev1 index 0 with priority 0.000000
TLev2 index 0 with priority 0.000000
TLev3 index 0 with priority 0.000000

Learner at index 1: 
TLev0 with priority 0.000000
TLev1 index 0 with priority 0.000000
TLev2 index 0 with priority 0.000000
TLev3 index 0 with priority 0.000000

Learner at index 2: 
TLev0 with priority 0.000000
TLev1 index 0 with priority 0.000000
TLev2 index 0 with priority 0.000000
TLev3 index 0 with priority 0.000000

Learner at index 3: 
TLev0 with priority 0.000000
TLev1 index 0 with priority 0.000000
TLev2 index 0 with priority 0.000000
TLev3 index 0 with priority 0.000000

Learner at index 4: 
TLev0 with priority 0.000000
TLev1 index 0 with priority 0.000000
TLev2 index 0 with priority 0.000000
TLev3 index 0 with priority 0.000000

Learner at index 5: 
TLev0 with priority 0.000000
TLev1 index 0 with priority 0.000000
TLev2 index 0 with priority 0.000000
TLev3 index 0 with priority 0.000000

Learner at index 6: 
TLev0 with priority 0.000000
TLev1 index 0 with priority 0.000000
TLev2 index 0 with priority 0.000000
TLev3 index 0 with priority 0.000000

Learner at index 7: 
TLev0 with priority 0.000000
TLev1 index 0 with priority 0.000000
TLev2 index 0 with priority 0.000000
TLev3 index 0 with priority 0.000000

Learner at index 8: 
TLev0 with priority 0.000000
TLev1 index 0 with priority 0.000000
TLev2 index 0 with priority 0.000000
TLev3 index 0 with priority 0.000000

Learner at index 9: 
TLev0 with priority 0.000000
TLev1 index 0 with priority 0.000000
TLev2 index 0 with priority 0.000000
TLev3 index 0 with priority 0.000000

Learner at index 10: 
TLev0 with priority 0.000000
TLev1 index 0 with priority 0.000000
TLev2 index 0 with priority 0.000000
TLev3 index 0 with priority 0.000000

Learner at index 11: 
TLev0 with priority 0.000000
TLev1 index 0 with priority 0.000000
TLev2 index 0 with priority 0.000000
TLev3 index 0 with priority 0.000000

Learner at index 12: 
TLev0 with priority 0.000000
TLev1 index 0 with priority 0.000000
TLev2 index 0 with priority 0.000000
TLev3 index 0 with priority 0.000000

Learner at index 13: 
TLev0 with priority 0.000000
TLev1 index 0 with priority 0.000000
TLev2 index 0 with priority 0.000000
TLev3 index 0 with priority 0.000000

Learner at index 14: 
TLev0 with priority 0.000000
TLev1 index 0 with priority 0.000000
TLev2 index 0 with priority 0.000000
TLev3 index 0 with priority 0.000000

Learner at index 15: 
TLev0 with priority 0.000000
TLev1 index 0 with priority 0.000000
TLev2 index 0 with priority 0.000000
TLev3 index 0 with priority 0.000000


===================================pn_in receive from Tree=======================================:7.000000
===================================pn_in receive from Tree=======================================:4294967296.000000
===================================pn_in receive from Tree=======================================:17.000000
===================================pn_in receive from Tree=======================================:6.000000
===================================pn_in receive from Tree=======================================:15.000000
===================================pn_in receive from Tree=======================================:20.000000
===================================pn_in receive from Tree=======================================:25.000000
===================================pn_in receive from Tree=======================================:29.000000
===================================pn_in receive from Tree=======================================:34.000000
===================================pn_in receive from Tree=======================================:39.00Hi3
0000
===================================pn_in receive from Tree=======================================:44.000000
===================================pn_in receive from Tree=======================================:49.000000
===================================pn_in receive from Tree=======================================:54.000000
===================================pn_in receive from Tree=======================================:59.000000
===================================pn_in receive from Tree=======================================:63.000000
===================================pn_in receive from Tree=======================================:68.000000Tree content after update
Learner at index 0: 
TLev0 with priority 68.000000
TLev1 index 0 with priority 68.000000
TLev2 index 0 with priority 68.000000
TLev3 index 0 with priority 68.000000

Learner at index 1: 
TLev0 with priority 68.000000
TLev1 index 0 with priority 68.000000
TLev2 index 0 with priority 68.000000
TLev3 index 0 with priority 68.000000

Learner at index 2: 
TLev0 with priority 68.000000
TLev1 index 0 with priority 68.000000
TLev2 index 0 with priority 68.000000
TLev3 index 0 with priority 68.000000

Learner at index 3: 
TLev0 with priority 68.000000
TLev1 index 0 with priority 68.000000
TLev2 index 0 with priority 68.000000
TLev3 index 0 with priority 68.000000

Learner at index 4: 
TLev0 with priority 68.000000
TLev1 index 0 with priority 68.000000
TLev2 index 0 with priority 68.000000
TLev3 index 0 with priority 68.000000

Learner at index 5: 
TLev0 with priority 68.000000
TLev1 index 0 with priority 68.000000
TLev2 index 0 with priority 68.000000
TLev3 index 0 with priority 68.000000

Learner at index 6: 
TLev0 with priority 68.000000
TLev1 index 0 with priority 68.000000
TLev2 index 0 with priority 68.000000
TLev3 index 0 with priority 68.000000

Learner at index 7: 
TLev0 with priority 68.000000
TLev1 index 0 with priority 68.000000
TLev2 index 0 with priority 68.000000
TLev3 index 0 with priority 68.000000

Learner at index 8: 
TLev0 with priority 68.000000
TLev1 index 0 with priority 68.000000
TLev2 index 0 with priority 68.000000
TLev3 index 0 with priority 68.000000

Learner at index 9: 
TLev0 with priority 68.000000
TLev1 index 0 with priority 68.000000
TLev2 index 0 with priority 68.000000
TLev3 index 0 with priority 68.000000

Learner at index 10: 
TLev0 with priority 68.000000
TLev1 index 0 with priority 68.000000
TLev2 index 0 with priority 68.000000
TLev3 index 0 with priority 68.000000

Learner at index 11: 
TLev0 with priority 68.000000
TLev1 index 0 with priority 68.000000
TLev2 index 0 with priority 68.000000
TLev3 index 0 with priority 68.000000

Learner at index 12: 
TLev0 with priority 68.000000
TLev1 index 0 with priority 68.000000
TLev2 index 0 with priority 68.000000
TLev3 index 0 with priority 68.000000

Learner at index 13: 
TLev0 with priority 68.000000
TLev1 index 0 with priority 68.000000
TLev2 index 0 with priority 68.000000
TLev3 index 0 with priority 68.000000

Learner at index 14: 
TLev0 with priority 68.000000
TLev1 index 0 with priority 68.000000
TLev2 index 0 with priority 68.000000
TLev3 index 0 with priority 68.000000

Learner at index 15: 
TLev0 with priority 68.000000
TLev1 index 0 with priority 68.000000
TLev2 index 0 with priority 68.000000
TLev3 index 0 with priority 68.000000


Pi_top: Q init done. Q content:
0.000000 0.000000 0.000000 0.000000 0.000000 0.000000 0.000000 0.000000 0.000000 0.000000 0.000000 0.000000 0.000000 0.000000 0.000000 0.000000 0.000000 0.000000 0.000000 0.000000 0.000000 0.000000 0.000000 0.000000 0.000000 0.000000 0.000000 0.000000 0.000000 0.000000 0.000000 0.000000 
0.000000 0.000000 0.000000 0.000000 0.000000 0.000000 0.000000 0.000000 0.000000 0.000000 0.000000 0.000000 0.000000 0.000000 0.000000 0.000000 0.000000 0.000000 0.000000 0.000000 0.000000 0.000000 0.000000 0.000000 0.000000 0.000000 0.000000 0.000000 0.000000 0.000000 0.000000 0.000000 
0.000000 0.000000 0.000000 0.000000 0.000000 0.000000 0.000000 0.000000 0.000000 0.000000 0.000000 0.000000 0.000000 0.000000 0.000000 0.000000 0.000000 0.000000 0.000000 0.000000 0.000000 0.000000 0.000000 0.000000 0.000000 0.000000 0.000000 0.000000 0.000000 0.000000 0.000000 0.000000 
0.000000 0.000000 0.000000 0.000000 0.000000 0.000000 0.000000 0.000000 0.000000 0.000000 0.000000 0.000000 0.000000 0.000000 0.000000 0.000000 0.000000 0.000000 0.000000 0.000000 0.000000 0.000000 0.000000 0.000000 0.000000 0.000000 0.000000 0.000000 0.000000 0.000000 0.000000 0.000000 
0.000000 0.000000 0.000000 0.000000 0.000000 0.000000 0.000000 0.000000 0.000000 0.000000 0.000000 0.000000 0.000000 0.000000 0.000000 0.000000 0.000000 0.000000 0.000000 0.000000 0.000000 0.000000 0.000000 0.000000 0.000000 0.000000 0.000000 0.000000 0.000000 0.000000 0.000000 0.000000 
0.000000 0.000000 0.000000 0.000000 0.000000 0.000000 0.000000 0.000000 0.000000 0.000000 0.000000 0.000000 0.000000 0.000000 0.000000 0.000000 0.000000 0.000000 0.000000 0.000000 0.000000 0.000000 0.000000 0.000000 0.000000 0.000000 0.000000 0.000000 0.000000 0.000000 0.000000 0.000000 
0.000000 0.000000 0.000000 0.000000 0.000000 0.000000 0.000000 0.000000 0.000000 0.000000 0.000000 0.000000 0.000000 0.000000 0.000000 0.000000 0.000000 0.000000 0.000000 0.000000 0.000000 0.000000 0.000000 0.000000 0.000000 0.000000 0.000000 0.000000 0.000000 0.000000 0.000000 0.000000 
0.000000 0.000000 0.000000 0.000000 0.000000 0.000000 0.000000 0.000000 0.000000 0.000000 0.000000 0.000000 0.000000 0.000000 0.000000 0.000000 0.000000 0.000000 0.000000 0.000000 0.000000 0.000000 0.000000 0.000000 0.000000 0.000000 0.000000 0.000000 0.000000 0.000000 0.000000 0.000000 
0.000000 0.000000 0.000000 0.000000 0.000000 0.000000 0.000000 0.000000 0.000000 0.000000 0.000000 0.000000 0.000000 0.000000 0.000000 0.000000 0.000000 0.000000 0.000000 0.000000 0.000000 0.000000 0.000000 0.000000 0.000000 0.000000 0.000000 0.000000 0.000000 0.000000 0.000000 0.000000 
0.000000 0.000000 0.000000 0.000000 0.000000 0.000000 0.000000 0.000000 0.000000 0.000000 0.000000 0.000000 0.000000 0.000000 0.000000 0.000000 0.000000 0.000000 0.000000 0.000000 0.000000 0.000000 0.000000 0.000000 0.000000 0.000000 0.000000 0.000000 0.000000 0.000000 0.000000 0.000000 
0.000000 0.000000 0.000000 0.000000 0.000000 0.000000 0.000000 0.000000 0.000000 0.000000 0.000000 0.000000 0.000000 0.000000 0.000000 0.000000 0.000000 0.000000 0.000000 0.000000 0.000000 0.000000 0.000000 0.000000 0.000000 0.000000 0.000000 0.000000 0.000000 0.000000 0.000000 0.000000 
0.000000 0.000000 0.000000 0.000000 0.000000 0.000000 0.000000 0.000000 0.000000 0.000000 0.000000 0.000000 0.000000 0.000000 0.000000 0.000000 0.000000 0.000000 0.000000 0.000000 0.000000 0.000000 0.000000 0.000000 0.000000 0.000000 0.000000 0.000000 0.000000 0.000000 0.000000 0.000000 

Pi_top: Q sync l1

Pi_top: Q sync l2

Pi_top: Q sync l3

Pi_top: Q Sync done.

Weight init.


PiloadIn: Input SPiin read:
0.00000000 0.00000000 0.00000000 0.00000000 0.00000000 0.00000000 0.00000000 0.00000000 
 topPifw_l1: z1_buf content:
-1.12254679 -0.52532017 0.80147445 -1.07880354 0.75265217 0.89479113 1.03088033 -0.11566360 0.88685751 0.75294036 0.08150084 -0.77646822 0.75731993 0.70065492 0.98162055 -0.75384712 -0.81236994 1.06428552 -0.76578748 -1.04038453 0.27166444 -0.99768639 -0.94162840 -1.02647352 0.50031698 -1.05717587 0.80248797 -0.06931312 0.78769606 1.05168283 -1.15513074 -0.99149835 
topPifw_l2: z2_buf content:
6.65708923 6.73694038 6.49505329 6.46274519 
Q_Input after concatenation:
0.000000 0.000000 0.000000 0.000000 0.000000 0.000000 0.000000 0.000000 1.000000 1.000000 1.000000 1.000000 
 Pi fw_l1_Q: z1_buf content:
-1.35745168 -1.00958908 2.00838351 -0.68565708 1.76183510 1.73704314 1.52059078 -0.17202318 0.65154839 1.06276679 0.05248874 -1.05618703 1.66745973 1.12323725 2.24547815 -0.39711174 -0.83644724 0.27911347 -0.33329585 -0.58096445 -0.23136008 -1.70147729 -0.80997115 -1.64235163 0.66827142 -1.06157815 1.39725244 0.39220306 0.52581900 0.41695446 -0.98239619 -1.48993087 
topPi topPifw_l2_q: z2_buf content:
9.45602417 
topPi sub_backmm2Q: delt l1 Q content before actder:
-4.43451309 -3.57758880 5.71188354 -3.88180637 5.84508419 3.71301985 4.04983330 -0.95593590 6.50049257 5.89147186 1.10972643 -5.49104786 5.52612877 2.37544847 4.66932249 -5.84005165 -3.63253784 4.30878687 -5.00295210 -4.69245481 1.90681541 -4.72603893 -4.81346560 -3.86655211 3.36240554 -4.40478373 7.62659979 -2.32953310 5.59557772 3.86792064 -4.01181650 -4.75103617 
topPi sub_backmm1Q: delt l0 Q content (no actder):
-5.00311899 5.34154034 14.04663849 12.43828869 -5.00311899 5.34154034 14.04663849 12.43828869 -5.00311899 5.34154034 14.04663849 12.43828869 
topPi sub_backmm2pi: Pi backward inputs after actder:
-5.00311899 5.34154034 14.04663849 12.43828869 
topPi sub_backmm2pi: Delt1 pi before actder:
-12.71683884 -3.01543331 16.69156265 -15.10011864 15.21039200 12.73907089 14.75395012 -0.53770202 14.67431259 12.34767914 -1.04271269 -16.46118355 14.87734222 13.25515175 14.01950073 -14.47634411 -13.32320404 12.69090843 -12.66896057 -16.28773880 3.86556482 -15.64172554 -14.02784920 -14.11385250 12.28808594 -13.47818184 15.59816551 0.81665039 16.48867989 14.23136234 -13.92111588 -14.57509422 

PiloadIn: Input SPiin read:
0.25000000 0.25000000 0.25000000 0.25000000 0.25000000 0.25000000 0.25000000 0.25000000 
 topPifw_l1: z1_buf content:
-1.23999929 -0.76745468 1.40492892 -0.88223034 1.25724363 1.31591713 1.27573562 -0.14384338 0.76920295 0.90785360 0.06699479 -0.91632760 1.21238983 0.91194606 1.61354923 -0.57547945 -0.82440859 0.67169952 -0.54954165 -0.81067455 0.02015221 -1.34958184 -0.87579983 -1.33441257 0.58429426 -1.05937696 1.09987020 0.16144496 0.65675753 0.73431873 -1.06876349 -1.24071455 
topPifw_l2: z2_buf content:
8.04176807 8.19964504 7.87973213 7.92545033 
Q_Input after concatenation:
0.250000 0.250000 0.250000 0.250000 0.250000 0.250000 0.250000 0.250000 1.000000 1.000000 1.000000 1.000000 
 Pi fw_l1_Q: z1_buf content:
-1.47490418 -1.25172365 2.61183786 -0.48908383 2.26642656 2.15816927 1.76544595 -0.20020294 0.53389382 1.21767998 0.03798267 -1.19604635 2.12252975 1.33452845 2.87740684 -0.21874404 -0.84848583 -0.11347246 -0.11705002 -0.35125446 -0.48287225 -2.05337286 -0.74414253 -1.95029080 0.75224864 -1.06377935 1.69463468 0.62296116 0.39488047 0.09959030 -0.89602894 -1.73914695 
topPi topPifw_l2_q: z2_buf content:
10.92605114 
topPi sub_backmm2Q: delt l1 Q content before actder:
-5.12389946 -4.13375854 6.59984922 -4.48526907 6.75375700 4.29024315 4.67941761 -1.10454500 7.51105452 6.80735588 1.28224385 -6.34468222 6.38521671 2.74473405 5.39521170 -6.74794197 -4.19724989 4.97862768 -5.78070736 -5.42194080 2.20324755 -5.46074533 -5.56176376 -4.46764374 3.88512278 -5.08954859 8.81222534 -2.69168067 6.46546221 4.46922493 -4.63549089 -5.48962879 
topPi sub_backmm1Q: delt l0 Q content (no actder):
-3.93525147 5.97213459 17.37566757 15.48981285 -3.93525147 5.97213459 17.37566757 15.48981285 -3.93525147 5.97213459 17.37566757 15.48981285 
topPi sub_backmm2pi: Pi backward inputs after actder:
-3.93525147 5.97213459 17.37566757 15.48981285 
topPi sub_backmm2pi: Delt1 pi before actder:
-16.53410721 -4.59485483 21.67293930 -19.26342392 19.92057800 16.36836243 18.89041519 -0.90421844 19.44842339 16.47739220 -0.96244252 -21.33590126 19.43341827 16.63429260 18.16922188 -19.03316879 -17.05198288 16.46924973 -16.62804413 -20.91337204 5.17507696 -20.14253998 -18.21777344 -18.06883430 15.73039341 -17.44518661 20.86418533 0.36396956 21.39699173 18.21104622 -17.87495804 -18.86168671 

PiloadIn: Input SPiin read:
0.50000000 0.50000000 0.50000000 0.50000000 0.50000000 0.50000000 0.50000000 0.50000000 
 topPifw_l1: z1_buf content:
-1.35745180 -1.00958920 2.00838351 -0.68565714 1.76183510 1.73704314 1.52059078 -0.17202315 0.65154845 1.06276691 0.05248873 -1.05618703 1.66745973 1.12323725 2.24547791 -0.39711177 -0.83644724 0.27911353 -0.33329582 -0.58096445 -0.23136005 -1.70147729 -0.80997121 -1.64235175 0.66827142 -1.06157815 1.39725256 0.39220303 0.52581894 0.41695446 -0.98239613 -1.48993075 
topPifw_l2: z2_buf content:
9.45602512 9.70079041 9.29398918 9.42659569 
Q_Input after concatenation:
0.500000 0.500000 0.500000 0.500000 0.500000 0.500000 0.500000 0.500000 1.000000 1.000000 1.000000 1.000000 
 Pi fw_l1_Q: z1_buf content:
-1.59235668 -1.49385822 3.21529245 -0.29251069 2.77101803 2.57929516 2.01030111 -0.22838271 0.41623926 1.37259340 0.02347663 -1.33590579 2.57759953 1.54581952 3.50933552 -0.04037637 -0.86052448 -0.50605851 0.09919581 -0.12154442 -0.73438442 -2.40526819 -0.67831397 -2.25822997 0.83622593 -1.06598043 1.99201703 0.85371923 0.26394194 -0.21777385 -0.80966163 -1.98836327 
topPi topPifw_l2_q: z2_buf content:
12.55985546 
topPi sub_backmm2Q: delt l1 Q content before actder:
-5.89009094 -4.75189114 7.58674383 -5.15596485 7.76366568 4.93177605 5.37914467 -1.26971090 8.63420486 7.82527971 1.47398150 -7.29342079 7.34001684 3.15516210 6.20197392 -7.75698137 -4.82487679 5.72309637 -6.64511347 -6.23269939 2.53270555 -6.27730656 -6.39343071 -5.13570356 4.46607637 -5.85060358 10.12994385 -3.09417558 7.43226194 5.13752127 -5.32864952 -6.31050920 
topPi sub_backmm1Q: delt l0 Q content (no actder):
-4.02436543 7.39498615 23.15357018 13.98419666 -4.02436543 7.39498615 23.15357018 13.98419666 -4.02436543 7.39498615 23.15357018 13.98419666 
topPi sub_backmm2pi: Pi backward inputs after actder:
-4.02436543 7.39498615 23.15357018 13.98419666 
topPi sub_backmm2pi: Delt1 pi before actder:
-19.16247749 -6.74903917 25.05696297 -21.54572678 23.39222527 18.55936050 21.27616501 -1.48106682 23.31978035 19.99047852 -0.28503156 -24.58716011 22.71331024 18.01224709 20.93383408 -22.50518417 -19.19148636 19.02154160 -19.60114098 -23.68144608 6.31272078 -22.93397522 -21.06970596 -20.34648514 17.71100044 -20.05199432 25.41372681 -1.05166054 24.71147537 20.48897934 -20.24154282 -21.67323685 

PiloadIn: Input SPiin read:
0.75000000 0.75000000 0.75000000 0.75000000 0.75000000 0.75000000 0.75000000 0.75000000 
 topPifw_l1: z1_buf content:
-1.47490430 -1.25172365 2.61183810 -0.48908377 2.26642656 2.15816927 1.76544607 -0.20020291 0.53389394 1.21768010 0.03798270 -1.19604635 2.12252951 1.33452845 2.87740660 -0.21874398 -0.84848583 -0.11347252 -0.11705011 -0.35125443 -0.48287231 -2.05337286 -0.74414259 -1.95029080 0.75224870 -1.06377935 1.69463468 0.62296110 0.39488047 0.09959030 -0.89602888 -1.73914695 
topPifw_l2: z2_buf content:
10.92605114 11.25894547 10.76401520 10.98475075 
Q_Input after concatenation:
0.750000 0.750000 0.750000 0.750000 0.750000 0.750000 0.750000 0.750000 1.000000 1.000000 1.000000 1.000000 
 Pi fw_l1_Q: z1_buf content:
-1.70980918 -1.73599267 3.81874704 -0.09593731 3.27560949 3.00042105 2.25515652 -0.25656247 0.29858482 1.52750659 0.00897059 -1.47576523 3.03266954 1.75711083 4.14126444 0.13799134 -0.87256312 -0.89864451 0.31544152 0.10816562 -0.98589671 -2.75716352 -0.61248535 -2.56616879 0.92020315 -1.06818163 2.28939915 1.08447731 0.13300341 -0.53513807 -0.72329438 -2.23757935 
topPi topPifw_l2_q: z2_buf content:
14.03357124 
topPi sub_backmm2Q: delt l1 Q content before actder:
-6.58120728 -5.30945635 8.47693729 -5.76094198 8.67461872 5.51044798 6.01030874 -1.41869295 9.64730263 8.74346256 1.64693165 -8.14919758 8.20126057 3.52537441 6.92968464 -8.66714954 -5.39100552 6.39461851 -7.42482042 -6.96401548 2.82988167 -7.01385736 -7.14360619 -5.73830318 4.99010515 -6.53708649 11.31854439 -3.45723200 8.30432892 5.74033451 -5.95388889 -7.05095530 
topPi sub_backmm1Q: delt l0 Q content (no actder):
-8.04942799 5.83799219 30.59049225 10.59111595 -8.04942799 5.83799219 30.59049225 10.59111595 -8.04942799 5.83799219 30.59049225 10.59111595 
topPi sub_backmm2pi: Pi backward inputs after actder:
-8.04942799 5.83799219 30.59049225 10.59111595 
topPi sub_backmm2pi: Delt1 pi before actder:
-18.40277100 -8.15293980 23.99166679 -19.77590370 22.82282829 17.34103394 19.70808411 -1.93081141 23.31062508 20.24717903 0.70115411 -23.44752502 22.03662872 15.81147575 19.95869827 -22.13699532 -17.76006317 18.19021416 -19.21121979 -22.08931923 6.43223190 -21.54276276 -20.18263626 -18.84168243 16.39836884 -19.06168175 25.85351753 -2.73982239 23.62973022 18.95231628 -18.88149261 -20.59465981 

PiloadIn: Input SPiin read:
1.00000000 1.00000000 1.00000000 1.00000000 1.00000000 1.00000000 1.00000000 1.00000000 
 topPifw_l1: z1_buf content:
-1.59235668 -1.49385822 3.21529245 -0.29251069 2.77101803 2.57929516 2.01030111 -0.22838271 0.41623926 1.37259340 0.02347663 -1.33590579 2.57759953 1.54581952 3.50933552 -0.04037637 -0.86052448 -0.50605851 0.09919581 -0.12154442 -0.73438454 -2.40526819 -0.67831397 -2.25822997 0.83622593 -1.06598043 1.99201703 0.85371923 0.26394194 -0.21777385 -0.80966163 -1.98836327 
topPifw_l2: z2_buf content:
12.55985546 13.03664875 12.39781952 12.76245403 
Q_Input after concatenation:
1.000000 1.000000 1.000000 1.000000 1.000000 1.000000 1.000000 1.000000 1.000000 1.000000 1.000000 1.000000 
 Pi fw_l1_Q: z1_buf content:
-1.82726169 -1.97812724 4.42220116 0.10063571 3.78020096 3.42154717 2.50001144 -0.28474224 0.18093014 1.68241990 -0.00553548 -1.61562467 3.48773932 1.96840215 4.77319288 0.31635895 -0.88460171 -1.29123068 0.53168750 0.33787560 -1.23740888 -3.10905910 -0.54665679 -2.87410808 1.00418043 -1.07038271 2.58678150 1.31523538 0.00206488 -0.85250229 -0.63692713 -2.48679566 
topPi topPifw_l2_q: z2_buf content:
15.38136864 
topPi sub_backmm2Q: delt l1 Q content before actder:
-7.21327257 -5.81938171 9.29107094 -6.31422806 9.50773716 6.03967667 6.58754444 -1.55494547 10.57383823 9.58319283 1.80510449 -8.93185425 8.98891735 3.86395454 7.59521818 -9.49955082 -5.90876293 7.00876379 -8.13790703 -7.63284588 3.10166621 -7.68747473 -7.82968521 -6.28941536 5.46935987 -7.16491461 12.40558815 -3.78926778 9.10188484 6.29164124 -6.52570581 -7.72813559 
topPi sub_backmm1Q: delt l0 Q content (no actder):
-12.08534050 4.49926853 36.87332916 10.99559784 -12.08534050 4.49926853 36.87332916 10.99559784 -12.08534050 4.49926853 36.87332916 10.99559784 
topPi sub_backmm2pi: Pi backward inputs after actder:
-12.08534050 4.49926853 36.87332916 10.99559784 
topPi sub_backmm2pi: Delt1 pi before actder:
-19.01113510 -9.02437878 24.75889587 -20.09992790 23.70622826 17.74053192 20.09866714 -2.17774415 24.41086769 21.29435158 1.07540202 -24.16328430 22.84571266 15.79880524 20.56620598 -23.05751801 -18.10569763 18.76374435 -19.98573685 -22.58430099 6.77803278 -22.08135796 -20.83119965 -19.21313667 16.72063065 -19.62147903 27.22939110 -3.45333910 24.37413788 19.31799316 -19.30489349 -21.19649506 

PiloadIn: Input SPiin read:
1.25000000 1.25000000 1.25000000 1.25000000 1.25000000 1.25000000 1.25000000 1.25000000 
 topPifw_l1: z1_buf content:
-1.70980918 -1.73599267 3.81874728 -0.09593743 3.27560949 3.00042105 2.25515652 -0.25656235 0.29858482 1.52750659 0.00897056 -1.47576523 3.03266954 1.75711083 4.14126444 0.13799134 -0.87256312 -0.89864445 0.31544173 0.10816550 -0.98589665 -2.75716352 -0.61248541 -2.56616879 0.92020321 -1.06818151 2.28939939 1.08447731 0.13300347 -0.53513813 -0.72329438 -2.23757935 
topPifw_l2: z2_buf content:
14.03357220 14.68065357 13.87153625 14.40645885 
Q_Input after concatenation:
1.250000 1.250000 1.250000 1.250000 1.250000 1.250000 1.250000 1.250000 1.000000 1.000000 1.000000 1.000000 
 Pi fw_l1_Q: z1_buf content:
-1.94471407 -2.22026134 5.02565575 0.29720902 4.28479242 3.84267306 2.74486685 -0.31292188 0.06327558 1.83733320 -0.02004156 -1.75548410 3.94280934 2.17969322 5.40512180 0.49472669 -0.89664042 -1.68381643 0.74793351 0.56758547 -1.48892117 -3.46095419 -0.48082811 -3.18204713 1.08815765 -1.07258391 2.88416386 1.54599357 -0.12887371 -1.16986656 -0.55055982 -2.73601198 
topPi topPifw_l2_q: z2_buf content:
16.76709747 
topPi sub_backmm2Q: delt l1 Q content before actder:
-7.86312628 -6.34365797 10.12811565 -6.88308573 10.36430264 6.58379936 7.18102551 -1.69503272 11.52645016 10.44655609 1.96772885 -9.73653698 9.79874134 4.21206379 8.27948189 -10.35537910 -6.44109154 7.64019299 -8.87106228 -8.32049942 3.38109970 -8.38004971 -8.53507233 -6.85603762 5.96210194 -7.81041145 13.52322483 -4.13064814 9.92188644 6.85846424 -7.11361551 -8.42437363 
topPi sub_backmm1Q: delt l0 Q content (no actder):
-10.56564140 6.23834991 40.58934021 10.24826622 -10.56564140 6.23834991 40.58934021 10.24826622 -10.56564140 6.23834991 40.58934021 10.24826622 
topPi sub_backmm2pi: Pi backward inputs after actder:
-10.56564140 6.23834991 40.58934021 10.24826622 
topPi sub_backmm2pi: Delt1 pi before actder:
-21.93925476 -10.98260403 28.54785156 -22.88444328 27.47920990 20.30889893 22.94794655 -2.68603373 28.48187828 24.93086433 1.57248509 -27.82889366 26.44052887 17.72671509 23.68447495 -26.78703690 -20.66637802 21.62751579 -23.19560051 -25.84066582 7.94771671 -25.31849098 -24.02205467 -21.93500900 19.08841324 -22.57719231 31.91537285 -4.57335520 28.09358215 22.04710197 -22.08869362 -24.38664055 

PiloadIn: Input SPiin read:
1.50000000 1.50000000 1.50000000 1.50000000 1.50000000 1.50000000 1.50000000 1.50000000 
 topPifw_l1: z1_buf content:
-1.82726169 -1.97812712 4.42220163 0.10063595 3.78020120 3.42154717 2.50001168 -0.28474224 0.18093038 1.68241978 -0.00553542 -1.61562467 3.48773932 1.96840191 4.77319288 0.31635910 -0.88460171 -1.29123056 0.53168726 0.33787560 -1.23740911 -3.10905910 -0.54665673 -2.87410808 1.00418043 -1.07038271 2.58678150 1.31523538 0.00206482 -0.85250229 -0.63692701 -2.48679543 
topPifw_l2: z2_buf content:
15.38136864 16.15868950 15.21933270 15.88449478 
Q_Input after concatenation:
1.500000 1.500000 1.500000 1.500000 1.500000 1.500000 1.500000 1.500000 1.000000 1.000000 1.000000 1.000000 
 Pi fw_l1_Q: z1_buf content:
-2.06216669 -2.46239591 5.62911034 0.49378252 4.78938389 4.26379919 2.98972225 -0.34110177 -0.05437875 1.99224627 -0.03454754 -1.89534330 4.39787912 2.39098430 6.03705072 0.67309439 -0.90867901 -2.07640243 0.96417892 0.79729557 -1.74043369 -3.81285000 -0.41499954 -3.48998642 1.17213488 -1.07478499 3.18154597 1.77675152 -0.25981212 -1.48723054 -0.46419248 -2.98522806 
topPi topPifw_l2_q: z2_buf content:
18.19143295 
topPi sub_backmm2Q: delt l1 Q content before actder:
-8.53108501 -6.88254023 10.98848152 -7.46779156 11.24473190 7.14308167 7.79104090 -1.83902276 12.50560188 11.33397198 2.13488412 -10.56363869 10.63112736 4.56987095 8.98280907 -11.23505020 -6.98825073 8.28921413 -9.62464333 -9.02731133 3.66831803 -9.09191990 -9.26011181 -7.43844604 6.46857214 -8.47389221 14.67199898 -4.48153973 10.76473331 7.44107866 -7.71790457 -9.14000988 
topPi sub_backmm1Q: delt l0 Q content (no actder):
-6.21243286 11.86275482 42.74536896 5.00826597 -6.21243286 11.86275482 42.74536896 5.00826597 -6.21243286 11.86275482 42.74536896 5.00826597 
topPi sub_backmm2pi: Pi backward inputs after actder:
-6.21243286 11.86275482 42.74536896 5.00826597 
topPi sub_backmm2pi: Delt1 pi before actder:
-25.17508698 -13.43652630 32.72250748 -25.80276489 31.71078110 23.06347466 25.97097206 -3.33593011 33.13946533 29.13151550 2.29089713 -31.85111809 30.45193100 19.59936142 27.10525322 -30.99937630 -23.37984848 24.77883911 -26.80993843 -29.32592773 9.30445671 -28.81221008 -27.53925514 -24.82181931 21.59913826 -25.80963707 37.34482956 -6.11110973 32.18619537 24.93737030 -25.06833267 -27.87398911 

PiloadIn: Input SPiin read:
1.75000000 1.75000000 1.75000000 1.75000000 1.75000000 1.75000000 1.75000000 1.75000000 
 topPifw_l1: z1_buf content:
-1.94471419 -2.22026157 5.02565622 0.29720920 4.28479242 3.84267282 2.74486685 -0.31292206 0.06327558 1.83733320 -0.02004153 -1.75548410 3.94280910 2.17969322 5.40512180 0.49472666 -0.89664054 -1.68381643 0.74793321 0.56758571 -1.48892117 -3.46095467 -0.48082817 -3.18204713 1.08815765 -1.07258379 2.88416386 1.54599345 -0.12887359 -1.16986656 -0.55055976 -2.73601198 
topPifw_l2: z2_buf content:
16.76709938 17.65494347 16.60506248 17.38074875 
Q_Input after concatenation:
1.750000 1.750000 1.750000 1.750000 1.750000 1.750000 1.750000 1.750000 1.000000 1.000000 1.000000 1.000000 
 Pi fw_l1_Q: z1_buf content:
-2.17961907 -2.70453048 6.23256493 0.69035578 5.29397583 4.68492508 3.23457718 -0.36928165 -0.17203355 2.14715958 -0.04905364 -2.03520298 4.85294867 2.60227561 6.66897964 0.85146201 -0.92071784 -2.46898842 1.18042505 1.02700567 -1.99194574 -4.16474533 -0.34917092 -3.79792547 1.25611210 -1.07698619 3.47892833 2.00750971 -0.39075065 -1.80459476 -0.37782526 -3.23444414 
topPi topPifw_l2_q: z2_buf content:
19.65926552 
topPi sub_backmm2Q: delt l1 Q content before actder:
-9.21944237 -7.43787956 11.87512112 -8.07035351 12.15204811 7.71944332 8.41968536 -1.98741007 13.51465511 12.24848938 2.30714369 -11.41599941 11.48893356 4.93860531 9.70761585 -12.14158535 -7.55211973 8.95805454 -10.40123844 -9.75570869 3.96430779 -9.82553005 -10.00729275 -8.03864002 6.99050903 -9.15763474 15.85585499 -4.84314680 11.63331890 8.04148483 -8.34064770 -9.87750053 
topPi sub_backmm1Q: delt l0 Q content (no actder):
-6.71370125 12.81993771 46.19441223 5.41237164 -6.71370125 12.81993771 46.19441223 5.41237164 -6.71370125 12.81993771 46.19441223 5.41237164 
topPi sub_backmm2pi: Pi backward inputs after actder:
-6.71370125 12.81993771 46.19441223 5.41237164 
topPi sub_backmm2pi: Delt1 pi before actder:
-27.20641708 -14.52069569 35.36282349 -27.88474083 34.26946259 24.92442131 28.06652069 -3.60510039 35.81343079 31.48208237 2.47574592 -34.42112732 32.90904236 21.18079758 29.29232407 -33.50065613 -25.26632309 26.77819443 -28.97318268 -31.69217873 10.05521584 -31.13701248 -29.76134491 -26.82464600 23.34193230 -27.89216614 40.35811615 -6.60420418 34.78324127 26.94951820 -27.09104729 -30.12308693 

PiloadIn: Input SPiin read:
2.00000000 2.00000000 2.00000000 2.00000000 2.00000000 2.00000000 2.00000000 2.00000000 
 topPifw_l1: z1_buf content:
-2.06216669 -2.46239614 5.62911034 0.49378210 4.78938389 4.26379919 2.98972178 -0.34110183 -0.05437899 1.99224639 -0.03454751 -1.89534342 4.39787912 2.39098430 6.03705025 0.67309439 -0.90867901 -2.07640266 0.96417910 0.79729569 -1.74043345 -3.81285000 -0.41499960 -3.48998642 1.17213488 -1.07478499 3.18154621 1.77675152 -0.25981224 -1.48723054 -0.46419251 -2.98522806 
topPifw_l2: z2_buf content:
18.19143295 19.17835999 18.02939606 18.90416527 
Q_Input after concatenation:
2.000000 2.000000 2.000000 2.000000 2.000000 2.000000 2.000000 2.000000 1.000000 1.000000 1.000000 1.000000 
 Pi fw_l1_Q: z1_buf content:
-2.29707146 -2.94666505 6.83601952 0.88692856 5.79856682 5.10605097 3.47943211 -0.39746141 -0.28968811 2.30207300 -0.06355968 -2.17506218 5.30801868 2.81356668 7.30090761 1.02982974 -0.93275630 -2.86157441 1.39667094 1.25671577 -2.24345803 -4.51664066 -0.28334236 -4.10586452 1.34008932 -1.07918727 3.77631068 2.23826766 -0.52168918 -2.12195897 -0.29145801 -3.48366070 
topPi topPifw_l2_q: z2_buf content:
21.12709808 
topPi sub_backmm2Q: delt l1 Q content before actder:
-9.90779972 -7.99321890 12.76176167 -8.67291641 13.05936432 8.29580498 9.04833031 -2.13579726 14.52370834 13.16300583 2.47940350 -12.26835918 12.34673882 5.30733967 10.43242168 -13.04812050 -8.11598873 9.62689590 -11.17783260 -10.48410511 4.26029730 -10.55914021 -10.75447369 -8.63883400 7.51244593 -9.84137726 17.03971100 -5.20475340 12.50190544 8.64189148 -8.96339130 -10.61499023 
topPi sub_backmm1Q: delt l0 Q content (no actder):
-7.21497250 13.77712536 49.64345932 5.81647968 -7.21497250 13.77712536 49.64345932 5.81647968 -7.21497250 13.77712536 49.64345932 5.81647968 
topPi sub_backmm2pi: Pi backward inputs after actder:
-7.21497250 13.77712536 49.64345932 5.81647968 
topPi sub_backmm2pi: Delt1 pi before actder:
-29.23774910 -15.60486412 38.00314713 -29.96672058 36.82815170 26.78537369 30.16207314 -3.87427068 38.48739243 33.83264923 2.66059351 -36.99113846 35.36615372 22.76223755 31.47939873 -36.00194550 -27.15280151 28.77755737 -31.13643074 -34.05843735 10.80597496 -33.46181870 -31.98343849 -28.82747459 25.08472824 -29.97470284 43.37140656 -7.09729862 37.38028717 28.96167183 -29.11376762 -32.37218857 

PiloadIn: Input SPiin read:
2.25000000 2.25000000 2.25000000 2.25000000 2.25000000 2.25000000 2.25000000 2.25000000 
 topPifw_l1: z1_buf content:
-2.17961907 -2.70453024 6.23256540 0.69035536 5.29397488 4.68492508 3.23457718 -0.36928147 -0.17203343 2.14715958 -0.04905355 -2.03520298 4.85294914 2.60227537 6.66897964 0.85146213 -0.92071760 -2.46898866 1.18042493 1.02700555 -1.99194586 -4.16474533 -0.34917092 -3.79792547 1.25611210 -1.07698607 3.47892833 2.00750971 -0.39075065 -1.80459487 -0.37782514 -3.23444414 
topPifw_l2: z2_buf content:
19.65926552 20.73187256 19.49722862 20.45767784 
Q_Input after concatenation:
2.250000 2.250000 2.250000 2.250000 2.250000 2.250000 2.250000 2.250000 1.000000 1.000000 1.000000 1.000000 
 Pi fw_l1_Q: z1_buf content:
-2.41452384 -3.18879914 7.43947506 1.08350182 6.30315781 5.52717686 3.72428751 -0.42564106 -0.40734243 2.45698619 -0.07806572 -2.31492186 5.76308918 3.02485776 7.93283701 1.20819747 -0.94479489 -3.25416064 1.61291659 1.48642528 -2.49497056 -4.86853647 -0.21751368 -4.41380358 1.42406654 -1.08138847 4.07369280 2.46902585 -0.65262771 -2.43932319 -0.20509064 -3.73287678 
topPi topPifw_l2_q: z2_buf content:
22.59493256 
topPi sub_backmm2Q: delt l1 Q content before actder:
-10.59615803 -8.54855919 13.64840221 -9.27547932 13.96668148 8.87216759 9.67697525 -2.28418493 15.53276348 14.07752419 2.65166354 -13.12072086 13.20454597 5.67607450 11.15722847 -13.95465660 -8.67985821 10.29573822 -11.95442772 -11.21250343 4.55628777 -11.29275131 -11.50165558 -9.23902893 8.03438377 -10.52512074 18.22356987 -5.56636095 13.37049294 9.24229908 -9.58613491 -11.35248184 
topPi sub_backmm1Q: delt l0 Q content (no actder):
-7.71624327 14.73430538 53.09251022 6.22059011 -7.71624327 14.73430538 53.09251022 6.22059011 -7.71624327 14.73430538 53.09251022 6.22059011 
topPi sub_backmm2pi: Pi backward inputs after actder:
-7.71624327 14.73430538 53.09251022 6.22059011 
topPi sub_backmm2pi: Delt1 pi before actder:
-31.26908302 -16.68903542 40.64346695 -32.04869843 39.38683701 28.64632416 32.25762177 -4.14344072 41.16135788 36.18321991 2.84544253 -39.56114578 37.82326889 24.34367371 33.66647339 -38.50323105 -29.03928185 30.77691841 -33.29967499 -36.42469406 11.55673599 -35.78662491 -34.20553589 -30.83030319 26.82752419 -32.05723572 46.38469315 -7.59039402 39.97733688 30.97382355 -31.13648605 -34.62129593 

PiloadIn: Input SPiin read:
2.50000000 2.50000000 2.50000000 2.50000000 2.50000000 2.50000000 2.50000000 2.50000000 
 topPifw_l1: z1_buf content:
-2.29707170 -2.94666529 6.83601999 0.88692862 5.79856682 5.10605049 3.47943258 -0.39746118 -0.28968787 2.30207300 -0.06355965 -2.17506242 5.30801916 2.81356668 7.30090809 1.02982974 -0.93275630 -2.86157441 1.39667094 1.25671554 -2.24345779 -4.51664066 -0.28334236 -4.10586452 1.34008932 -1.07918727 3.77631092 2.23826766 -0.52168918 -2.12195921 -0.29145795 -3.48366022 
topPifw_l2: z2_buf content:
21.12709808 22.28538704 20.96506119 22.01119232 
Q_Input after concatenation:
2.500000 2.500000 2.500000 2.500000 2.500000 2.500000 2.500000 2.500000 1.000000 1.000000 1.000000 1.000000 
 Pi fw_l1_Q: z1_buf content:
-2.53197670 -3.43093419 8.04292870 1.28007507 6.80774975 5.94830275 3.96914291 -0.45382071 -0.52499700 2.61189938 -0.09257182 -2.45478106 6.21815920 3.23614907 8.56476498 1.38656509 -0.95683360 -3.64674687 1.82916272 1.71613538 -2.74648237 -5.22043133 -0.15168500 -4.72174263 1.50804377 -1.08358955 4.37107515 2.69978404 -0.78356624 -2.75668740 -0.11872345 -3.98209286 
topPi topPifw_l2_q: z2_buf content:
24.06276321 
topPi sub_backmm2Q: delt l1 Q content before actder:
-11.28451443 -9.10389709 14.53504181 -9.87804031 14.87399673 9.44852924 10.30561924 -2.43257189 16.54181671 14.99203968 2.82392311 -13.97307968 14.06235027 6.04480839 11.88203335 -14.86119080 -9.24372578 10.96457863 -12.73102188 -11.94089890 4.85227680 -12.02636051 -12.24883556 -9.83922291 8.55632019 -11.20886230 19.40742302 -5.92796755 14.23907757 9.84270477 -10.20887756 -12.08997059 
topPi sub_backmm1Q: delt l0 Q content (no actder):
-8.21751022 15.69148827 56.54154205 6.62469387 -8.21751022 15.69148827 56.54154205 6.62469387 -8.21751022 15.69148827 56.54154205 6.62469387 
topPi sub_backmm2pi: Pi backward inputs after actder:
-8.21751022 15.69148827 56.54154205 6.62469387 
topPi sub_backmm2pi: Delt1 pi before actder:
-33.30040741 -17.77319908 43.28377533 -34.13066864 41.94551086 30.50726509 34.35316467 -4.41261005 43.83531189 38.53377914 3.03029037 -42.13114929 40.28036880 25.92510223 35.85353851 -41.00449753 -30.92574883 32.77626801 -35.46291351 -38.79093933 12.30749321 -38.11141968 -36.42761993 -32.83312225 28.57031250 -34.13975906 49.39796829 -8.08348560 42.57436752 32.98596573 -33.15919876 -36.87038803 

PiloadIn: Input SPiin read:
2.75000000 2.75000000 2.75000000 2.75000000 2.75000000 2.75000000 2.75000000 2.75000000 
 topPifw_l1: z1_buf content:
-2.41452408 -3.18879938 7.43947411 1.08350182 6.30315876 5.52717686 3.72428775 -0.42564118 -0.40734243 2.45698595 -0.07806551 -2.31492186 5.76308870 3.02485824 7.93283653 1.20819736 -0.94479513 -3.25416088 1.61291635 1.48642588 -2.49497008 -4.86853647 -0.21751380 -4.41380358 1.42406654 -1.08138847 4.07369328 2.46902585 -0.65262771 -2.43932319 -0.20509064 -3.73287678 
topPifw_l2: z2_buf content:
22.59493256 23.83889961 22.43289566 23.56470490 
Q_Input after concatenation:
2.750000 2.750000 2.750000 2.750000 2.750000 2.750000 2.750000 2.750000 1.000000 1.000000 1.000000 1.000000 
 Pi fw_l1_Q: z1_buf content:
-2.64942932 -3.67306828 8.64638329 1.47664833 7.31234169 6.36942863 4.21399832 -0.48200071 -0.64265144 2.76681232 -0.10707769 -2.59464073 6.67322874 3.44744062 9.19669437 1.56493270 -0.96887243 -4.03933239 2.04540801 1.94584596 -2.99799466 -5.57232714 -0.08585668 -5.02968168 1.59202099 -1.08579087 4.66845751 2.93054199 -0.91450477 -3.07405138 -0.03235614 -4.23130941 
topPi topPifw_l2_q: z2_buf content:
25.53059196 
topPi sub_backmm2Q: delt l1 Q content before actder:
-11.97286987 -9.65923500 15.42167854 -10.48060036 15.78131104 10.02488899 10.93426132 -2.58095884 17.55086708 15.90655422 2.99618244 -14.82543755 14.92015362 6.41354179 12.60683823 -15.76772308 -9.80759335 11.63341713 -13.50761414 -12.66929340 5.14826584 -12.75996876 -12.99601460 -10.43941593 9.07825565 -11.89260292 20.59127617 -6.28957367 15.10766125 10.44311047 -10.83161926 -12.82745934 
topPi sub_backmm1Q: delt l0 Q content (no actder):
-8.71877861 16.64866638 59.99057770 7.02880144 -8.71877861 16.64866638 59.99057770 7.02880144 -8.71877861 16.64866638 59.99057770 7.02880144 
topPi sub_backmm2pi: Pi backward inputs after actder:
-8.71877861 16.64866638 59.99057770 7.02880144 
topPi sub_backmm2pi: Delt1 pi before actder:
-35.33172989 -18.85736275 45.92408752 -36.21263885 44.50418472 32.36820984 36.44871140 -4.68177986 46.50926590 40.88434219 3.21513844 -44.70114517 42.73747253 27.50653458 38.04060364 -43.50577545 -32.81221771 34.77562332 -37.62615204 -41.15718460 13.05825043 -40.43621445 -38.64970016 -34.83594131 30.31310081 -36.22228241 52.41124344 -8.57657909 45.17140579 34.99810791 -35.18190765 -39.11948013 

PiloadIn: Input SPiin read:
3.00000000 3.00000000 3.00000000 3.00000000 3.00000000 3.00000000 3.00000000 3.00000000 
 topPifw_l1: z1_buf content:
-2.53197670 -3.43093395 8.04292870 1.28007543 6.80775023 5.94830322 3.96914315 -0.45382094 -0.52499676 2.61189938 -0.09257162 -2.45478106 6.21815872 3.23614883 8.56476593 1.38656533 -0.95683348 -3.64674664 1.82916200 1.71613574 -2.74648261 -5.22043180 -0.15168524 -4.72174263 1.50804377 -1.08358955 4.37107468 2.69978380 -0.78356624 -2.75668740 -0.11872327 -3.98209286 
topPifw_l2: z2_buf content:
24.06276512 25.39241028 23.90072823 25.11821556 
Q_Input after concatenation:
3.000000 3.000000 3.000000 3.000000 3.000000 3.000000 3.000000 3.000000 1.000000 1.000000 1.000000 1.000000 
 Pi fw_l1_Q: z1_buf content:
-2.76688147 -3.91520286 9.24983788 1.67322206 7.81693363 6.79055500 4.45885324 -0.51018047 -0.76030576 2.92172575 -0.12158379 -2.73449969 7.12829876 3.65873122 9.82862377 1.74330068 -0.98091078 -4.43191814 2.26165366 2.17555571 -3.24950719 -5.92422247 -0.02002788 -5.33762121 1.67599845 -1.08799183 4.96583939 3.16129994 -1.04544318 -3.39141536 0.05401129 -4.48052502 
topPi topPifw_l2_q: z2_buf content:
26.97551155 
topPi sub_backmm2Q: delt l1 Q content before actder:
-12.65048122 -10.20590591 16.29447937 -11.07375717 16.67446327 10.59225368 11.55309296 -2.72702980 18.54416847 16.80679512 3.16575336 -15.66449261 15.76456928 6.77651978 13.32032967 -16.66010666 -10.36266041 12.29181767 -14.27208519 -13.38632011 5.43963528 -13.48212624 -13.73153210 -11.03024101 9.59204483 -12.56567192 21.75665283 -6.64553595 15.96268845 11.03414440 -11.44464111 -13.55343723 
topPi sub_backmm1Q: delt l0 Q content (no actder):
-9.24701786 18.88680077 63.19127274 4.38313103 -9.24701786 18.88680077 63.19127274 4.38313103 -9.24701786 18.88680077 63.19127274 4.38313103 
topPi sub_backmm2pi: Pi backward inputs after actder:
-9.24701786 18.88680077 63.19127274 4.38313103 
topPi sub_backmm2pi: Delt1 pi before actder:
-36.39073181 -19.87776756 47.28099442 -37.04869080 45.93561554 33.20698166 37.34386826 -4.96057606 48.15257645 42.39551544 3.57699513 -45.99608231 44.07939911 27.92613029 39.14125824 -44.95249176 -33.61309052 35.79693222 -38.85936737 -42.21289444 13.55035019 -41.51696014 -39.79406357 -35.68995667 31.05543137 -37.25478363 54.37631989 -9.30473614 46.49754715 35.84984589 -36.08458328 -40.23228455 

PiloadIn: Input SPiin read:
3.25000000 3.25000000 3.25000000 3.25000000 3.25000000 3.25000000 3.25000000 3.25000000 
 topPifw_l1: z1_buf content:
-2.64942884 -3.67306805 8.64638329 1.47664845 7.31234169 6.36942911 4.21399784 -0.48200071 -0.64265108 2.76681280 -0.10707796 -2.59464049 6.67322826 3.44744062 9.19669437 1.56493282 -0.96887219 -4.03933191 2.04540801 1.94584560 -2.99799442 -5.57232761 -0.08585668 -5.02968168 1.59202111 -1.08579075 4.66845751 2.93054199 -0.91450477 -3.07405162 -0.03235602 -4.23130894 
topPifw_l2: z2_buf content:
25.53059196 26.94592285 25.36855507 26.67172813 
Q_Input after concatenation:
3.250000 3.250000 3.250000 3.250000 3.250000 3.250000 3.250000 3.250000 1.000000 1.000000 1.000000 1.000000 
 Pi fw_l1_Q: z1_buf content:
-2.88433409 -4.15733719 9.85329247 1.86979485 8.32152462 7.21168089 4.70370817 -0.53836024 -0.87796009 3.07663941 -0.13609013 -2.87435937 7.58336830 3.87002301 10.46055222 1.92166829 -0.99294949 -4.82450390 2.47789955 2.40526581 -3.50101900 -6.27611828 0.04580057 -5.64555979 1.75997567 -1.09019303 5.26322222 3.39205813 -1.17638171 -3.70877957 0.14037859 -4.72974110 
topPi topPifw_l2_q: z2_buf content:
28.38339424 
topPi sub_backmm2Q: delt l1 Q content before actder:
-13.31072426 -10.73856354 17.14490509 -11.65170860 17.54472351 11.14507580 12.15606213 -2.86935663 19.51201057 17.68396187 3.33097744 -16.48204041 16.58733940 7.13019419 14.01553249 -17.52961731 -10.90349960 12.93334198 -15.01696205 -14.08496761 5.72353601 -14.18577385 -14.44819641 -11.60592175 10.09266472 -13.22148895 22.89215660 -6.99237394 16.79579926 11.61002922 -12.04195023 -14.26080608 
topPi sub_backmm1Q: delt l0 Q content (no actder):
-11.80644894 15.79578209 67.12401581 8.22852325 -11.80644894 15.79578209 67.12401581 8.22852325 -11.80644894 15.79578209 67.12401581 8.22852325 
topPi sub_backmm2pi: Pi backward inputs after actder:
-11.80644894 15.79578209 67.12401581 8.22852325 
topPi sub_backmm2pi: Delt1 pi before actder:
-37.39438248 -20.38011551 48.58696747 -38.09561920 47.19268036 34.13606262 38.39368820 -5.08343220 49.45549011 43.53597260 3.64889193 -47.26916504 45.28895187 28.73712730 40.22475052 -46.17788696 -34.55853271 36.78631973 -39.92047119 -43.39504623 13.91391563 -42.67521286 -40.89299393 -36.69343948 31.92868614 -38.28762054 55.83628464 -9.51388073 47.78273773 36.85845566 -37.09508514 -41.34789658 

PiloadIn: Input SPiin read:
3.50000000 3.50000000 3.50000000 3.50000000 3.50000000 3.50000000 3.50000000 3.50000000 
 topPifw_l1: z1_buf content:
-2.76688147 -3.91520262 9.24983788 1.67322195 7.81693268 6.79055500 4.45885324 -0.51018059 -0.76030636 2.92172599 -0.12158382 -2.73449993 7.12829828 3.65873146 9.82862282 1.74330044 -0.98091114 -4.43191814 2.26165390 2.17555594 -3.24950671 -5.92422295 -0.02002788 -5.33762074 1.67599833 -1.08799195 4.96583939 3.16129994 -1.04544330 -3.39141583 0.05401123 -4.48052549 
topPifw_l2: z2_buf content:
26.97551155 28.46880341 26.81347466 28.19460869 
Q_Input after concatenation:
3.500000 3.500000 3.500000 3.500000 3.500000 3.500000 3.500000 3.500000 1.000000 1.000000 1.000000 1.000000 
 Pi fw_l1_Q: z1_buf content:
-3.00178647 -4.39947128 10.45674706 2.06636858 8.82611561 7.63280678 4.94856358 -0.56654012 -0.99561536 3.23155236 -0.15059599 -3.01421905 8.03843880 4.08131361 11.09248161 2.10003591 -1.00498843 -5.21709061 2.69414568 2.63497591 -3.75253153 -6.62801313 0.11162937 -5.95349884 1.84395278 -1.09239411 5.56060410 3.62281632 -1.30732024 -4.02614403 0.22674572 -4.97895765 
topPi topPifw_l2_q: z2_buf content:
29.78107452 
topPi sub_backmm2Q: delt l1 Q content before actder:
-13.96618271 -11.26736164 17.98917007 -12.22547245 18.40867615 11.69389153 12.75466156 -3.01065207 20.47283745 18.55477142 3.49500442 -17.29366302 17.40414810 7.48130560 14.70569801 -18.39282608 -11.44041920 13.57021713 -15.75644016 -14.77855206 6.00537920 -14.88432312 -15.15966797 -12.17743015 10.58965683 -13.87255287 24.01943207 -7.33669901 17.62287331 12.18174076 -12.63493061 -14.96304989 
topPi sub_backmm1Q: delt l0 Q content (no actder):
-12.38783360 16.57360840 70.42939758 8.63371849 -12.38783360 16.57360840 70.42939758 8.63371849 -12.38783360 16.57360840 70.42939758 8.63371849 
topPi sub_backmm2pi: Pi backward inputs after actder:
-12.38783360 16.57360840 70.42939758 8.63371849 
topPi sub_backmm2pi: Delt1 pi before actder:
-39.23579025 -21.38369179 50.97952652 -39.97154999 49.51657867 35.81702042 40.28430176 -5.33375502 51.89081573 45.67980576 3.82857442 -49.59683228 47.51910400 30.15222549 42.20552826 -48.45181656 -36.26029587 38.59777832 -41.88626862 -45.53193665 14.59907627 -44.77666092 -42.90667725 -38.50032806 33.50094604 -40.17300797 58.58582306 -9.98237133 50.13569641 38.67347336 -38.92175293 -43.38398743 

PiloadIn: Input SPiin read:
3.75000000 3.75000000 3.75000000 3.75000000 3.75000000 3.75000000 3.75000000 3.75000000 
 topPifw_l1: z1_buf content:
-2.88433409 -4.15733862 9.85329247 1.86979496 8.32152367 7.21168137 4.70370865 -0.53836060 -0.87796092 3.07663918 -0.13608968 -2.87435913 7.58336830 3.87002277 10.46055222 1.92166805 -0.99294955 -4.82450485 2.47789955 2.40526628 -3.50101900 -6.27611780 0.04580069 -5.64555979 1.75997567 -1.09019291 5.26322269 3.39205813 -1.17638206 -3.70877981 0.14037842 -4.72974157 
topPifw_l2: z2_buf content:
28.38339233 29.94905663 28.22135544 29.67486191 
Q_Input after concatenation:
3.750000 3.750000 3.750000 3.750000 3.750000 3.750000 3.750000 3.750000 1.000000 1.000000 1.000000 1.000000 
 Pi fw_l1_Q: z1_buf content:
-3.11923885 -4.64160728 11.06020164 2.26294136 9.33070564 8.05393219 5.19341850 -0.59472013 -1.11326969 3.38646579 -0.16510186 -3.15407777 8.49350834 4.29260492 11.72441006 2.27840352 -1.01702678 -5.60967636 2.91039133 2.86468601 -4.00404406 -6.97990847 0.17745793 -6.26143789 1.92793012 -1.09459519 5.85798693 3.85357451 -1.43825901 -4.34350824 0.31311285 -5.22817373 
topPi topPifw_l2_q: z2_buf content:
31.17875481 
topPi sub_backmm2Q: delt l1 Q content before actder:
-14.62164116 -11.79615879 18.83343506 -12.79923630 19.27262878 12.24270725 13.35326099 -3.15194750 21.43366623 19.42558098 3.65903139 -18.10528755 18.22095680 7.83241701 15.39586353 -19.25603485 -11.97733879 14.20709229 -16.49591827 -15.47213650 6.28722286 -15.58287144 -15.87113857 -12.74893951 11.08664894 -14.52361774 25.14670944 -7.68102360 18.44994736 12.75345230 -13.22791100 -15.66529274 
topPi sub_backmm1Q: delt l0 Q content (no actder):
-12.96921444 17.35143852 73.73478699 9.03891563 -12.96921444 17.35143852 73.73478699 9.03891563 -12.96921444 17.35143852 73.73478699 9.03891563 
topPi sub_backmm2pi: Pi backward inputs after actder:
-12.96921444 17.35143852 73.73478699 9.03891563 
topPi sub_backmm2pi: Delt1 pi before actder:
-41.07719803 -22.38727379 53.37209320 -41.84749603 51.84048843 37.49798203 42.17492676 -5.58407927 54.32615662 47.82365036 4.00825787 -51.92450714 49.74927521 31.56732559 44.18631744 -50.72575760 -37.96205902 40.40925217 -43.85207748 -47.66884232 15.28423977 -46.87812042 -44.92037582 -40.30722427 35.07321167 -42.05841064 61.33537292 -10.45086479 52.48866272 40.48849487 -40.74842453 -45.42008591 
Pi wa1 content from fpga:
0.000000 0.000000 1287.631958 -936.242188 1247.806274 907.562988 1021.980957 0.000000 206.400894 1146.289185 3.183748 0.000000 1198.275146 771.283691 1066.595703 -1164.135864 0.000000 13.628083 -1026.591431 -1097.775635 1.293769 0.000000 -168.451416 0.000000 849.945679 0.000000 1469.469849 -240.414398 143.197693 29.011488 -289.032715 0.000000 
0.000000 0.000000 1287.631958 -936.242188 1247.806274 907.562988 1021.980957 0.000000 206.400894 1146.289185 3.183748 0.000000 1198.275146 771.283691 1066.595703 -1164.135864 0.000000 13.628083 -1026.591431 -1097.775635 1.293769 0.000000 -168.451416 0.000000 849.945679 0.000000 1469.469849 -240.414398 143.197693 29.011488 -289.032715 0.000000 
0.000000 0.000000 1287.631958 -936.242188 1247.806274 907.562988 1021.980957 0.000000 206.400894 1146.289185 3.183748 0.000000 1198.275146 771.283691 1066.595703 -1164.135864 0.000000 13.628083 -1026.591431 -1097.775635 1.293769 0.000000 -168.451416 0.000000 849.945679 0.000000 1469.469849 -240.414398 143.197693 29.011488 -289.032715 0.000000 
0.000000 0.000000 1287.631958 -936.242188 1247.806274 907.562988 1021.980957 0.000000 206.400894 1146.289185 3.183748 0.000000 1198.275146 771.283691 1066.595703 -1164.135864 0.000000 13.628083 -1026.591431 -1097.775635 1.293769 0.000000 -168.451416 0.000000 849.945679 0.000000 1469.469849 -240.414398 143.197693 29.011488 -289.032715 0.000000 
0.000000 0.000000 1287.631958 -936.242188 1247.806274 907.562988 1021.980957 0.000000 206.400894 1146.289185 3.183748 0.000000 1198.275146 771.283691 1066.595703 -1164.135864 0.000000 13.628083 -1026.591431 -1097.775635 1.293769 0.000000 -168.451416 0.000000 849.945679 0.000000 1469.469849 -240.414398 143.197693 29.011488 -289.032715 0.000000 
0.000000 0.000000 1287.631958 -936.242188 1247.806274 907.562988 1021.980957 0.000000 206.400894 1146.289185 3.183748 0.000000 1198.275146 771.283691 1066.595703 -1164.135864 0.000000 13.628083 -1026.591431 -1097.775635 1.293769 0.000000 -168.451416 0.000000 849.945679 0.000000 1469.469849 -240.414398 143.197693 29.011488 -289.032715 0.000000 
0.000000 0.000000 1287.631958 -936.242188 1247.806274 907.562988 1021.980957 0.000000 206.400894 1146.289185 3.183748 0.000000 1198.275146 771.283691 1066.595703 -1164.135864 0.000000 13.628083 -1026.591431 -1097.775635 1.293769 0.000000 -168.451416 0.000000 849.945679 0.000000 1469.469849 -240.414398 143.197693 29.011488 -289.032715 0.000000 
0.000000 0.000000 1287.631958 -936.242188 1247.806274 907.562988 1021.980957 0.000000 206.400894 1146.289185 3.183748 0.000000 1198.275146 771.283691 1066.595703 -1164.135864 0.000000 13.628083 -1026.591431 -1097.775635 1.293769 0.000000 -168.451416 0.000000 849.945679 0.000000 1469.469849 -240.414398 143.197693 29.011488 -289.032715 0.000000 

Pi wa2 content from fpga:
0.000000 0.000000 0.000000 0.000000 
0.000000 0.000000 0.000000 0.000000 
-807.638916 1211.212280 4766.595215 655.729614 
-102.493523 161.611221 630.066223 71.878876 
-686.448730 1028.405396 4047.166260 559.861633 
-608.862427 908.802856 3576.445068 504.621033 
-422.877014 625.130249 2460.026855 364.961700 
0.000000 0.000000 0.000000 0.000000 
-24.117636 23.959002 95.364937 46.597111 
-281.128021 414.583954 1631.468262 245.018005 
-1.566875 1.606927 5.915874 3.537832 
0.000000 0.000000 0.000000 0.000000 
-629.671082 942.352234 3708.502441 515.921753 
-339.431763 503.653687 1982.011963 288.458679 
-864.942993 1295.324463 5097.588867 706.616699 
-114.984001 182.193146 708.443909 81.577896 
0.000000 0.000000 0.000000 0.000000 
-9.091309 11.760445 33.083336 27.545570 
-155.677612 245.089706 954.882751 111.346970 
-141.003952 223.482834 869.019958 99.729462 
-1.438473 1.571458 4.166130 3.691195 
0.000000 0.000000 0.000000 0.000000 
-0.593999 0.794708 3.377104 0.413989 
0.000000 0.000000 0.000000 0.000000 
-164.825836 242.199036 953.089844 145.737030 
0.000000 0.000000 0.000000 0.000000 
-452.965607 674.080444 2652.709473 380.254608 
-258.501770 392.346893 1543.611816 198.945251 
-16.428015 16.365250 61.949459 35.781620 
-10.631046 13.667836 40.232388 31.341141 
-2.489680 3.330928 14.154751 1.735186 
0.000000 0.000000 0.000000 0.000000 

Pi_top: Pi gr_bias1 content from fpga:
0.000000 0.000000 576.879272 -343.009613 555.661804 410.010315 463.131073 0.000000 202.598770 504.770477 1.058855 0.000000 534.551880 356.939178 478.527405 -440.610474 0.000000 48.181702 -401.007843 -416.098785 9.040642 0.000000 -44.920376 0.000000 385.231903 0.000000 646.276428 -94.769127 170.880798 71.883705 -79.670181 0.000000 
Pi_top: Pi gr_bias2 content from fpga:q.finish
============================================================================
================= DATA BACK TO HOST: Learners Pi Train round 1 ================
============================================================================

W1 content:
0.09915441 0.29402483 -0.37352312 -0.25456107 0.09915441 0.29402483 -0.37352312 -0.25456107 0.00000000 0.00000000 0.00000000 0.00000000 0.00000000 0.00000000 0.00000000 12859836321421590528.00000000 0.00000000 0.00000000 0.00000000 0.00000000 14.70737171 0.00000000 0.00000000 0.00000000 0.00000000 0.00000000 0.00000000 0.00000000 48193484431032320.00000000 0.00000000 0.00000000 0.00000000 
-0.83099097 -0.91242588 0.28179872 0.97734916 -0.83099097 -0.91242588 0.28179872 0.97734916 0.00000000 0.00000000 0.00000000 0.00000000 0.00000000 0.00000000 0.00000000 72255536456275994869424455680.00000000 0.00000000 0.00000000 0.00000000 0.00000000 23.82762909 0.00000000 0.00000000 0.00000000 0.00000000 0.00000000 0.00000000 0.00000000 0.00000000 0.00000000 0.00000000 0.00000000 
128.89794922 129.15002441 129.14900208 129.06272888 128.89794922 129.15002441 129.14900208 129.06272888 0.00000000 0.00000000 0.00000000 0.00000000 0.00000000 0.00000000 0.00000000 0.00000000 0.00000000 0.00000000 0.00000000 0.00000000 29.54105949 0.00000000 0.00000000 0.00000000 0.00000000 233409997701120.00000000 0.00000000 0.00000000 0.00000000 0.00000000 0.00000000 0.00000000 
-93.10418701 -93.46900940 -94.15821075 -93.37233734 -93.10418701 -93.46900940 -94.15821075 -93.37233734 0.00000000 0.00000000 0.00000000 0.00000000 0.00000000 0.00000000 0.00000000 0.00000000 0.00000000 0.00000000 0.00000000 0.00000000 35.12496948 0.00000000 0.00000000 0.00000000 0.00000000 850458352549888.00000000 0.00000000 0.00000000 0.00000000 0.00000000 0.00000000 0.00000000 
125.26255798 125.14337921 124.87067413 124.85510254 125.26255798 125.14337921 124.87067413 124.85510254 0.00000000 0.00000000 0.00000000 0.00000000 0.00000000 0.00000000 0.00000000 0.00000000 0.00000000 0.00000000 0.00000000 0.00000000 40.70889282 0.00000000 0.00000000 0.00000000 0.00000000 0.00000000 0.00000000 0.00000000 73908033052821925396480.00000000 0.00000000 0.00000000 72718125648314368.00000000 
90.79185486 90.95086670 91.16883087 90.95590973 90.79185486 90.95086670 91.16883087 90.95590973 0.00000000 0.00000000 0.00000000 0.00000000 0.00000000 0.00000000 0.00000000 0.00000000 0.00000000 0.00000000 0.00000000 0.00000000 46.29280472 0.00000000 0.00000000 0.00000000 0.00000000 0.00000000 0.00000000 0.00000000 0.00000000 0.00000000 0.00000000 0.00000000 
102.24965668 102.14453125 102.69398499 102.19392395 102.24965668 102.14453125 102.69398499 102.19392395 0.00000000 0.00000000 0.00000000 0.00000000 0.00000000 0.00000000 0.00000000 0.00000000 0.00000012 0.00000000 0.00000000 0.00000000 51.87672424 0.00000000 0.00000000 0.00000000 0.00000012 0.00000000 0.00000000 0.00000000 0.00000000 0.00000000 -0.00000000 0.00000000 
-0.28794271 -0.72908038 0.49739006 0.46327347 -0.28794271 -0.72908038 0.49739006 0.46327347 0.00000000 0.00000000 0.00000000 0.00000000 0.00000000 0.00000000 0.00000000 0.00000000 0.00000000 0.00000000 0.00000000 0.00000000 57.46062851 0.00000000 0.00000000 0.00000000 0.00000000 0.00000000 0.00000000 0.00000000 0.00000000 0.00000000 0.00000000 0.00000000 

W2 content:
-0.46896169 -0.37833965 -80.15984344 -10.65986347 
-0.47670731 0.02283986 121.75278473 15.52064228 
-0.46896169 -0.37833965 477.26354980 62.59611130 
-0.47670731 0.02283986 66.20451355 6.54740620 
-0.37833965 -80.15984344 -10.65986347 -68.02674103 
0.02283986 121.75278473 15.52064228 103.38161469 
-0.37833965 477.26354980 62.59611130 405.33477783 
0.02283986 66.20451355 6.54740620 56.52724457 
-80.15984344 -10.65986347 -68.02674103 -60.49357986 
121.75278473 15.52064228 103.38161469 91.39705658 
477.26354980 62.59611130 405.33477783 358.03717041 
66.20451355 6.54740620 56.52724457 50.97887039 
-10.65986347 -68.02674103 -60.49357986 -41.85942078 
15.52064228 103.38161469 91.39705658 63.12500000 
62.59611130 405.33477783 358.03717041 246.43096924 
6.54740620 56.52724457 50
-134.867294 189.426178 745.316345 140.142761 
Pi_top: w1bram_policy updated.

Pi_top: w2bram_pi updated.

Pi_top: biases updated.

All Transfer Finished.
.97887039 37.10814285 
-68.02674103 -60.49357986 -41.85942078 -0.10109279 
103.38161469 91.39705658 63.12500000 0.02117752 
405.33477783 358.03717041 246.43096924 -0.10109279 
56.52724457 50.97887039 37.10814285 0.02117752 
-60.49357986 -41.85942078 -0.10109279 -1.72431910 
91.39705658 63.12500000 0.02117752 2.87157393 
358.03717041 246.43096924 -0.10109279 10.22393894 
50.97887039 37.10814285 0.02117752 5.13538504 
-41.85942078 -0.10109279 -1.72431910 -27.48976326 
63.12500000 0.02117752 2.87157393 41.83597183 
246.43096924 -0.10109279 10.22393894 163.76986694 
37.10814285 0.02117752 5.13538504 24.87937546 
-0.10109279 -1.72431910 -27.48976326 -0.03933098 
0.02117752 2.87157393 41.83597183 0.04235474 
-0.10109279 10.22393894 163.76986694 0.70894390 
0.02117752 5.13538504 24.87937546 0.23544517 

Bias1 content:
-1.12254679 -0.52532017 58.48940277 -35.37976456 56.31883240 41.89582443 47.34398651 -0.11566360 21.14673615 51.22998810 0.18738630 -0.77646822 54.21250916 36.39457321 48.83436203 -44.81489563 -0.81236994 5.88245583 -40.86657333 -42.65026474 1.17572856 -0.99768639 -5.43366623 -1.02647352 39.02350616 -1.05717587 65.43013763 -9.54622555 17.87577629 8.24005318 -9.12214851 -0.99149835 

Bias2 content:
-13.02469349 19.31681252 74.83164215 14.11427689 
=======================================================================================
================= Logging DATA BACK TO HOST: Learners Q Train round 1 =================
=======================================================================================

Qs content:
13.02715683 4.08876085 24.37930107 14.70737171 23.82762909 29.54105949 35.12496948 40.70889282 46.29280472 51.87672424 57.46062851 63.04456329 68.63349152 74.22421265 79.81493378 85.40565491 

Loss content:
7.29914474 -2.37426472 17.09937286 6.69058609 15.13694477 20.15751076 25.02925301 29.87926102 34.72925568 39.57925797 44.42924500 49.27926636 54.14573669 59.03251648 63.92439651 68.81627655 
