w1/w2 shapes: (8, 64) (64, 4)
in_acts: [[ 2.  3.  4.  5.]
 [ 1.  0. -1. -2.]
 [ 2.  3.  4.  5.]
 [ 1.  0. -1. -2.]
 [ 2.  3.  4.  5.]
 [ 1.  0. -1. -2.]
 [ 2.  3.  4.  5.]
 [ 1.  0. -1. -2.]
 [ 2.  3.  4.  5.]
 [ 1.  0. -1. -2.]
 [ 2.  3.  4.  5.]
 [ 1.  0. -1. -2.]
 [ 2.  3.  4.  5.]
 [ 1.  0. -1. -2.]
 [ 2.  3.  4.  5.]
 [ 1.  0. -1. -2.]]
Pi input Snt: [[0.   0.   0.   0.   0.   0.   0.   0.  ]
 [0.25 0.25 0.25 0.25 0.25 0.25 0.25 0.25]
 [0.5  0.5  0.5  0.5  0.5  0.5  0.5  0.5 ]
 [0.75 0.75 0.75 0.75 0.75 0.75 0.75 0.75]
 [1.   1.   1.   1.   1.   1.   1.   1.  ]
 [1.25 1.25 1.25 1.25 1.25 1.25 1.25 1.25]
 [1.5  1.5  1.5  1.5  1.5  1.5  1.5  1.5 ]
 [1.75 1.75 1.75 1.75 1.75 1.75 1.75 1.75]
 [2.   2.   2.   2.   2.   2.   2.   2.  ]
 [2.25 2.25 2.25 2.25 2.25 2.25 2.25 2.25]
 [2.5  2.5  2.5  2.5  2.5  2.5  2.5  2.5 ]
 [2.75 2.75 2.75 2.75 2.75 2.75 2.75 2.75]
 [3.   3.   3.   3.   3.   3.   3.   3.  ]
 [3.25 3.25 3.25 3.25 3.25 3.25 3.25 3.25]
 [3.5  3.5  3.5  3.5  3.5  3.5  3.5  3.5 ]
 [3.75 3.75 3.75 3.75 3.75 3.75 3.75 3.75]]
z1_pi: [[-1.12254679 -0.52532017  0.80147445 -1.07880354  0.75265217  0.89479113
   1.03088033 -0.1156636   0.88685751  0.75294036  0.08150084 -0.77646822
   0.75731993  0.70065492  0.98162055 -0.75384712 -0.81236994  1.06428552
  -0.76578748 -1.04038453  0.27166444 -0.99768639 -0.9416284  -1.02647352
   0.50031698 -1.05717587  0.80248797 -0.06931312  0.78769606  1.05168283
  -1.15513074 -0.99149835]
 [-1.23999927 -0.76745465  1.40492898 -0.88223031  1.25724364  1.31591712
   1.27573554 -0.14384338  0.76920297  0.90785361  0.06699479 -0.91632763
   1.21238983  0.9119461   1.61354931 -0.57547943 -0.82440858  0.67169951
  -0.54954166 -0.8106745   0.0201522  -1.34958184 -0.87579979 -1.33441262
   0.58429421 -1.05937701  1.09987023  0.16144497  0.65675753  0.73431864
  -1.06876346 -1.24071456]
 [-1.35745174 -1.00958914  2.00838351 -0.68565708  1.76183511  1.73704312
   1.52059075 -0.17202315  0.65154842  1.06276686  0.05248874 -1.05618704
   1.66745973  1.12323728  2.24547806 -0.39711174 -0.83644722  0.27911351
  -0.33329584 -0.58096448 -0.23136003 -1.70147729 -0.80997119 -1.64235172
   0.66827145 -1.06157815  1.3972525   0.39220306  0.525819    0.41695446
  -0.98239618 -1.48993077]
 [-1.47490422 -1.25172362  2.61183804 -0.48908386  2.26642657  2.15816912
   1.76544596 -0.20020293  0.53389388  1.21768012  0.03798269 -1.19604645
   2.12252964  1.33452846  2.87740682 -0.21874404 -0.84848585 -0.1134725
  -0.11705003 -0.35125445 -0.48287227 -2.05337274 -0.74414259 -1.95029081
   0.75224869 -1.06377929  1.69463477  0.62296114  0.39488047  0.09959027
  -0.8960289  -1.73914698]
 [-1.5923567  -1.4938581   3.21529257 -0.29251063  2.77101804  2.57929512
   2.01030118 -0.22838271  0.41623934  1.37259337  0.02347664 -1.33590586
   2.57759954  1.54581963  3.50933558 -0.04037635 -0.86052449 -0.5060585
   0.09919579 -0.12154442 -0.73438451 -2.40526819 -0.67831399 -2.25822991
   0.83622593 -1.06598043  1.99201703  0.85371923  0.26394194 -0.21777391
  -0.80966162 -1.98836319]
 [-1.70980917 -1.73599258  3.8187471  -0.0959374   3.27560951  3.00042112
   2.25515639 -0.25656249  0.29858479  1.52750663  0.00897059 -1.47576528
   3.03266944  1.75711081  4.14126433  0.13799134 -0.87256313 -0.8986445
   0.31544161  0.10816561 -0.98589674 -2.75716364 -0.61248538 -2.56616901
   0.92020316 -1.06818157  2.2893993   1.08447731  0.1330034  -0.5351381
  -0.72329434 -2.2375794 ]
 [-1.82726165 -1.97812706  4.42220163  0.10063583  3.78020098  3.42154712
   2.5000116  -0.28474227  0.18093025  1.68241988 -0.00553546 -1.61562469
   3.48773935  1.96840199  4.77319309  0.31635904 -0.88460176 -1.29123051
   0.53168743  0.33787563 -1.23740898 -3.1090591  -0.54665678 -2.87410811
   1.0041804  -1.07038271  2.58678156  1.3152354   0.00206487 -0.85250229
  -0.63692705 -2.48679561]
 [-1.94471413 -2.22026154  5.02565616  0.29720905  4.28479245  3.84267312
   2.74486681 -0.31292205  0.06327571  1.83733314 -0.02004151 -1.7554841
   3.94280925  2.17969316  5.40512185  0.49472673 -0.8966404  -1.68381651
   0.74793325  0.56758566 -1.48892122 -3.46095455 -0.48082818 -3.1820472
   1.08815764 -1.07258385  2.88416383  1.54599348 -0.12887366 -1.16986647
  -0.55055977 -2.73601182]
 [-2.0621666  -2.46239603  5.62911069  0.49378228  4.78938392  4.26379912
   2.98972202 -0.34110183 -0.05437884  1.99224639 -0.03454756 -1.89534351
   4.39787915  2.39098434  6.0370506   0.67309442 -0.90867904 -2.07640252
   0.96417907  0.79729569 -1.74043345 -3.81285    -0.41499957 -3.4899863
   1.17213488 -1.07478499  3.18154609  1.77675157 -0.25981219 -1.48723066
  -0.46419249 -2.98522803]
 [-2.17961908 -2.70453051  6.23256522  0.69035551  5.29397539  4.68492511
   3.23457723 -0.36928161 -0.17203338  2.14715964 -0.04905361 -2.03520292
   4.85294906  2.60227552  6.66897936  0.85146211 -0.92071768 -2.46898852
   1.18042489  1.02700572 -1.99194569 -4.16474545 -0.34917097 -3.7979254
   1.25611211 -1.07698613  3.47892836  2.00750966 -0.39075072 -1.80459484
  -0.37782521 -3.23444424]
 [-2.29707155 -2.94666499  6.83601975  0.88692874  5.79856686  5.10605111
   3.47943244 -0.39746139 -0.28968792  2.3020729  -0.06355966 -2.17506234
   5.30801896  2.8135667   7.30090812  1.02982981 -0.93275631 -2.86157452
   1.39667071  1.25671574 -2.24345793 -4.5166409  -0.28334237 -4.1058645
   1.34008935 -1.07918727  3.77631062  2.23826774 -0.52168925 -2.12195903
  -0.29145793 -3.48366045]
 [-2.41452403 -3.18879947  7.43947428  1.08350196  6.30315832  5.52717711
   3.72428765 -0.42564117 -0.40734247  2.45698615 -0.07806571 -2.31492175
   5.76308886  3.02485787  7.93283688  1.2081975  -0.94479495 -3.25416053
   1.61291653  1.48642577 -2.49497017 -4.86853635 -0.21751377 -4.41380359
   1.42406659 -1.08138841  4.07369289  2.46902583 -0.65262779 -2.43932322
  -0.20509065 -3.73287666]
 [-2.53197651 -3.43093395  8.04292881  1.28007519  6.80774979  5.94830311
   3.96914286 -0.45382095 -0.52499701  2.61189941 -0.09257176 -2.45478116
   6.21815877  3.23614905  8.56476563  1.38656519 -0.95683359 -3.64674653
   1.82916234  1.7161358  -2.7464824  -5.2204318  -0.15168516 -4.72174269
   1.50804383 -1.08358955  4.37107515  2.69978391 -0.78356632 -2.7566874
  -0.11872337 -3.98209287]
 [-2.64942898 -3.67306843  8.64638335  1.47664842  7.31234126  6.36942911
   4.21399807 -0.48200073 -0.64265155  2.76681266 -0.10707781 -2.59464057
   6.67322867  3.44744023  9.19669439  1.56493289 -0.96887222 -4.03933254
   2.04540816  1.94584583 -2.99799464 -5.57232726 -0.08585656 -5.02968179
   1.59202106 -1.08579069  4.66845742  2.930542   -0.91450485 -3.07405159
  -0.03235608 -4.23130908]
 [-2.76688146 -3.91520292  9.24983788  1.67322165  7.81693273  6.79055511
   4.45885328 -0.51018051 -0.7603061   2.92172591 -0.12158386 -2.73449998
   7.12829857  3.6587314   9.82862315  1.74330058 -0.98091086 -4.43191854
   2.26165398  2.17555586 -3.24950688 -5.92422271 -0.02002796 -5.33762088
   1.6759983  -1.08799183  4.96583968  3.16130009 -1.04544338 -3.39141577
   0.0540112  -4.48052529]
 [-2.88433393 -4.1573374   9.85329241  1.86979488  8.3215242   7.21168111
   4.7037085  -0.53836029 -0.87796064  3.07663917 -0.13608991 -2.8743594
   7.58336848  3.87002258 10.4605519   1.92166827 -0.9929495  -4.82450454
   2.4778998   2.40526588 -3.50101911 -6.27611816  0.04580064 -5.64555998
   1.75997554 -1.09019297  5.26322195  3.39205817 -1.17638191 -3.70877996
   0.14037848 -4.7297415 ]]
a1_pi: [[ 0.          0.          0.80147445  0.          0.75265217  0.89479113
   1.03088033  0.          0.88685751  0.75294036  0.08150084  0.
   0.75731993  0.70065492  0.98162055  0.          0.          1.06428552
   0.          0.          0.27166444  0.          0.          0.
   0.50031698  0.          0.80248797  0.          0.78769606  1.05168283
   0.          0.        ]
 [ 0.          0.          1.40492898  0.          1.25724364  1.31591712
   1.27573554  0.          0.76920297  0.90785361  0.06699479  0.
   1.21238983  0.9119461   1.61354931  0.          0.          0.67169951
   0.          0.          0.0201522   0.          0.          0.
   0.58429421  0.          1.09987023  0.16144497  0.65675753  0.73431864
   0.          0.        ]
 [ 0.          0.          2.00838351  0.          1.76183511  1.73704312
   1.52059075  0.          0.65154842  1.06276686  0.05248874  0.
   1.66745973  1.12323728  2.24547806  0.          0.          0.27911351
   0.          0.          0.          0.          0.          0.
   0.66827145  0.          1.3972525   0.39220306  0.525819    0.41695446
   0.          0.        ]
 [ 0.          0.          2.61183804  0.          2.26642657  2.15816912
   1.76544596  0.          0.53389388  1.21768012  0.03798269  0.
   2.12252964  1.33452846  2.87740682  0.          0.          0.
   0.          0.          0.          0.          0.          0.
   0.75224869  0.          1.69463477  0.62296114  0.39488047  0.09959027
   0.          0.        ]
 [ 0.          0.          3.21529257  0.          2.77101804  2.57929512
   2.01030118  0.          0.41623934  1.37259337  0.02347664  0.
   2.57759954  1.54581963  3.50933558  0.          0.          0.
   0.09919579  0.          0.          0.          0.          0.
   0.83622593  0.          1.99201703  0.85371923  0.26394194  0.
   0.          0.        ]
 [ 0.          0.          3.8187471   0.          3.27560951  3.00042112
   2.25515639  0.          0.29858479  1.52750663  0.00897059  0.
   3.03266944  1.75711081  4.14126433  0.13799134  0.          0.
   0.31544161  0.10816561  0.          0.          0.          0.
   0.92020316  0.          2.2893993   1.08447731  0.1330034   0.
   0.          0.        ]
 [ 0.          0.          4.42220163  0.10063583  3.78020098  3.42154712
   2.5000116   0.          0.18093025  1.68241988  0.          0.
   3.48773935  1.96840199  4.77319309  0.31635904  0.          0.
   0.53168743  0.33787563  0.          0.          0.          0.
   1.0041804   0.          2.58678156  1.3152354   0.00206487  0.
   0.          0.        ]
 [ 0.          0.          5.02565616  0.29720905  4.28479245  3.84267312
   2.74486681  0.          0.06327571  1.83733314  0.          0.
   3.94280925  2.17969316  5.40512185  0.49472673  0.          0.
   0.74793325  0.56758566  0.          0.          0.          0.
   1.08815764  0.          2.88416383  1.54599348  0.          0.
   0.          0.        ]
 [ 0.          0.          5.62911069  0.49378228  4.78938392  4.26379912
   2.98972202  0.          0.          1.99224639  0.          0.
   4.39787915  2.39098434  6.0370506   0.67309442  0.          0.
   0.96417907  0.79729569  0.          0.          0.          0.
   1.17213488  0.          3.18154609  1.77675157  0.          0.
   0.          0.        ]
 [ 0.          0.          6.23256522  0.69035551  5.29397539  4.68492511
   3.23457723  0.          0.          2.14715964  0.          0.
   4.85294906  2.60227552  6.66897936  0.85146211  0.          0.
   1.18042489  1.02700572  0.          0.          0.          0.
   1.25611211  0.          3.47892836  2.00750966  0.          0.
   0.          0.        ]
 [ 0.          0.          6.83601975  0.88692874  5.79856686  5.10605111
   3.47943244  0.          0.          2.3020729   0.          0.
   5.30801896  2.8135667   7.30090812  1.02982981  0.          0.
   1.39667071  1.25671574  0.          0.          0.          0.
   1.34008935  0.          3.77631062  2.23826774  0.          0.
   0.          0.        ]
 [ 0.          0.          7.43947428  1.08350196  6.30315832  5.52717711
   3.72428765  0.          0.          2.45698615  0.          0.
   5.76308886  3.02485787  7.93283688  1.2081975   0.          0.
   1.61291653  1.48642577  0.          0.          0.          0.
   1.42406659  0.          4.07369289  2.46902583  0.          0.
   0.          0.        ]
 [ 0.          0.          8.04292881  1.28007519  6.80774979  5.94830311
   3.96914286  0.          0.          2.61189941  0.          0.
   6.21815877  3.23614905  8.56476563  1.38656519  0.          0.
   1.82916234  1.7161358   0.          0.          0.          0.
   1.50804383  0.          4.37107515  2.69978391  0.          0.
   0.          0.        ]
 [ 0.          0.          8.64638335  1.47664842  7.31234126  6.36942911
   4.21399807  0.          0.          2.76681266  0.          0.
   6.67322867  3.44744023  9.19669439  1.56493289  0.          0.
   2.04540816  1.94584583  0.          0.          0.          0.
   1.59202106  0.          4.66845742  2.930542    0.          0.
   0.          0.        ]
 [ 0.          0.          9.24983788  1.67322165  7.81693273  6.79055511
   4.45885328  0.          0.          2.92172591  0.          0.
   7.12829857  3.6587314   9.82862315  1.74330058  0.          0.
   2.26165398  2.17555586  0.          0.          0.          0.
   1.6759983   0.          4.96583968  3.16130009  0.          0.
   0.0540112   0.        ]
 [ 0.          0.          9.85329241  1.86979488  8.3215242   7.21168111
   4.7037085   0.          0.          3.07663917  0.          0.
   7.58336848  3.87002258 10.4605519   1.92166827  0.          0.
   2.4778998   2.40526588  0.          0.          0.04580064  0.
   1.75997554  0.          5.26322195  3.39205817  0.          0.
   0.14037848  0.        ]]
z2_pi action vals): [[ 6.6570892   6.73694041  6.49505315  6.4627454 ]
 [ 8.04176758  8.19964544  7.87973154  7.92545043]
 [ 9.45602432  9.70079006  9.29398828  9.42659505]
 [10.92605031 11.25894414 10.76401426 10.98474913]
 [12.55985559 13.03664897 12.39781955 12.76245396]
 [14.03356959 14.68065221 13.87153354 14.4064572 ]
 [15.38136939 16.15868857 15.21933335 15.88449356]
 [16.76709921 17.65494309 16.60506316 17.38074808]
 [18.19143334 19.17835761 18.0293973  18.9041626 ]
 [19.65926601 20.73187071 19.49722997 20.4576757 ]
 [21.12709868 22.28538382 20.96506264 22.01118881]
 [22.59493136 23.83889692 22.43289531 23.56470191]
 [24.06276403 25.39241002 23.90072799 25.11821501]
 [25.5305967  26.94592312 25.36856066 26.67172812]
 [26.97551456 28.46880232 26.81347852 28.19460731]
 [28.3833908  29.94905284 28.22135475 29.67485783]]
a2_pi action vals): [[1. 1. 1. 1.]
 [1. 1. 1. 1.]
 [1. 1. 1. 1.]
 [1. 1. 1. 1.]
 [1. 1. 1. 1.]
 [1. 1. 1. 1.]
 [1. 1. 1. 1.]
 [1. 1. 1. 1.]
 [1. 1. 1. 1.]
 [1. 1. 1. 1.]
 [1. 1. 1. 1.]
 [1. 1. 1. 1.]
 [1. 1. 1. 1.]
 [1. 1. 1. 1.]
 [1. 1. 1. 1.]
 [1. 1. 1. 1.]]
in_q[0]: [0. 0. 0. 0. 0. 0. 0. 0. 1. 1. 1. 1.]
z1_q[0]: [-1.35745174 -1.00958914  2.00838351 -0.68565708  1.76183511  1.73704312
  1.52059075 -0.17202315  0.65154842  1.06276686  0.05248874 -1.05618704
  1.66745973  1.12323728  2.24547806 -0.39711174 -0.83644722  0.27911351
 -0.33329584 -0.58096448 -0.23136003 -1.70147729 -0.80997119 -1.64235172
  0.66827145 -1.06157815  1.3972525   0.39220306  0.525819    0.41695446
 -0.98239618 -1.48993077]
a1_q[0]: [0.         0.         2.00838351 0.         1.76183511 1.73704312
 1.52059075 0.         0.65154842 1.06276686 0.05248874 0.
 1.66745973 1.12323728 2.24547806 0.         0.         0.27911351
 0.         0.         0.         0.         0.         0.
 0.66827145 0.         1.3972525  0.39220306 0.525819   0.41695446
 0.         0.        ]
z2_q (qvals): [[ 9.45602432]
 [10.92605031]
 [12.55985559]
 [14.03356959]
 [15.38136939]
 [16.76709921]
 [18.19143334]
 [19.65926601]
 [21.12709868]
 [22.59493136]
 [24.06276403]
 [25.5305967 ]
 [26.97551456]
 [28.3833908 ]
 [29.78107206]
 [31.17875332]]
delt1_q shape: (16, 32) delt2_q shape: (16, 1)
delt1_q after z1:
[[  0.           0.           5.71188369   0.           5.84508414
    3.71301991   4.04983339   0.           6.50049255   5.89147201
    1.1097265    0.           5.52612878   2.37544847   4.66932238
    0.           0.           4.30878686   0.           0.
    0.           0.           0.           0.           3.36240556
    0.           7.62659997  -2.32953321   5.59557784   3.86792069
    0.           0.        ]
 [  0.           0.           6.59984857   0.           6.75375625
    4.29024301   4.67941725   0.           7.51105393   6.80735554
    1.28224369   0.           6.38521634   2.74473379   5.39521151
    0.           0.           0.           0.           0.
    0.           0.           0.           0.           3.88512244
    0.           8.81222511  -2.69168058   6.4654619    4.46922455
    0.           0.        ]
 [  0.           0.           7.58674385   0.           7.76366582
    4.931776     5.37914463   0.           8.6342045    7.82527996
    1.47398146   0.           7.34001702   3.15516212   6.20197377
    0.           0.           0.          -6.64511342   0.
    0.           0.           0.           0.           4.46607652
    0.          10.12994374  -3.0941757    7.43226193   0.
    0.           0.        ]
 [  0.           0.           8.47693645   0.           8.67461761
    5.51044725   6.010308     0.           9.64730118   8.74346126
    1.64693147   0.           8.20125987   3.52537391   6.92968401
   -8.6671488    0.           0.          -7.42481957  -6.96401467
    0.           0.           0.           0.           4.9901048
    0.          11.31854338  -3.45723163   8.30432836   0.
    0.           0.        ]
 [  0.           0.           9.29107096  -6.31422847   9.50773764
    6.0396768    6.58754474   0.          10.57383883   9.58319312
    0.           0.           8.98891809   3.86395479   7.59521866
   -9.49955152   0.           0.          -8.13790759  -7.63284647
    0.           0.           0.           0.           5.46936008
    0.          12.40558901  -3.78926805   9.1018854    0.
    0.           0.        ]
 [  0.           0.          10.12811698  -6.88308644  10.36430347
    6.58380002   7.18102617   0.          11.52645127  10.44655684
    0.           0.           9.79874272   4.21206406   8.27948289
  -10.35537986   0.           0.          -8.87106345  -8.32050065
    0.           0.           0.           0.           5.96210264
    0.          13.52322647  -4.13064868   0.           0.
    0.           0.        ]
 [  0.           0.          10.98848183  -7.46779193  11.24473192
    7.14308168   7.79104109   0.           0.          11.33397257
    0.           0.          10.63112783   4.56987113   8.98280969
  -11.23505026   0.           0.          -9.62464392  -9.02731182
    0.           0.           0.           0.           6.46857225
    0.          14.6719996   -4.48153967   0.           0.
    0.           0.        ]
 [  0.           0.          11.87512184  -8.07035407  12.15204828
    7.71944356   8.4196856    0.           0.          12.24848958
    0.           0.          11.48893361   4.93860547   9.70761577
  -12.14158542   0.           0.         -10.4012384   -9.7557087
    0.           0.           0.           0.           6.99050923
    0.          15.85585576  -4.8431467    0.           0.
    0.           0.        ]
 [  0.           0.          12.76176185  -8.67291621  13.05936463
    8.29580544   9.04833011   0.           0.          13.16300659
    0.           0.          12.3467394    5.30733981  10.43242185
  -13.04812058   0.           0.         -11.17783289 -10.48410557
    0.           0.           0.           0.           7.5124462
    0.          17.03971191  -5.20475374   0.           0.
    0.           0.        ]
 [  0.           0.          13.64840186  -9.27547835  13.96668098
    8.87216732   9.67697462   0.           0.          14.0775236
    0.           0.          13.20454518   5.67607415  11.15722794
  -13.95465573   0.           0.         -11.95442737 -11.21250245
    0.           0.           0.           0.           8.03438318
    0.          18.22356807  -5.56636078   0.           0.
    0.           0.        ]
 [  0.           0.          14.53504187  -9.87804049  14.87399733
    9.44852919  10.30561913   0.           0.          14.99204061
    0.           0.          14.06235097   6.04480848  11.88203402
  -14.86119089   0.           0.         -12.73102186 -11.94089933
    0.           0.           0.           0.           8.55632015
    0.          19.40742423  -5.92796782   0.           0.
    0.           0.        ]
 [  0.           0.          15.42168188 -10.48060263  15.78131368
   10.02489107  10.93426363   0.           0.          15.90655762
    0.           0.          14.92015675   6.41354282  12.6068401
  -15.76772604   0.           0.         -13.50761635 -12.6692962
    0.           0.           0.           0.           9.07825713
    0.          20.59128039  -6.28957486   0.           0.
    0.           0.        ]
 [  0.           0.          16.29448026 -11.07375797  16.67446562
   10.59225518  11.55309417   0.           0.          16.80679781
    0.           0.          15.76457106   6.77652073  13.320331
  -16.66010898   0.           0.         -14.27208716 -13.38632184
    0.           0.           0.           0.           9.59204598
    0.          21.75665498  -6.64553674   0.           0.
  -11.44464281   0.        ]
 [  0.           0.          17.14490376 -11.65170731  17.5447209
   11.14507445  12.15606049   0.           0.          17.68395962
    0.           0.          16.58733812   7.13019341  14.01553099
  -17.52961497   0.           0.         -15.01696016 -14.08496595
    0.           0.         -14.44819492   0.          10.09266344
    0.          22.89215427  -6.99237324   0.           0.
  -12.04194895   0.        ]
 [  0.           0.          17.98916902 -12.22547149  18.40867432
   11.69389054  12.7546605    0.           0.          18.55476957
    0.           0.          17.40414721   7.48130501  14.70569677
  -18.39282454   0.           0.         -15.75643924 -14.77855091
    0.           0.         -15.15966633   0.          10.58965573
    0.          24.01943097  -7.33669817   0.           0.
  -12.63492977   0.        ]
 [  0.           0.          18.83343428 -12.79923567  19.27262774
   12.24270664  13.35326051   0.           0.          19.42557952
    0.           0.          18.22095631   7.83241661  15.39586255
  -19.2560341    0.           0.         -16.49591833 -15.47213587
    0.           0.         -15.87113775   0.          11.08664803
    0.          25.14670767  -7.6810231    0.           0.
  -13.2279106    0.        ]]
delt0_q:
[[ -5.00311932   5.34154019  14.04663721  12.43828727  -5.00311932
    5.34154019  14.04663721  12.43828727  -5.00311932   5.34154019
   14.04663721  12.43828727]
 [ -3.93525124   5.97213322  17.37566657  15.48981153  -3.93525124
    5.97213322  17.37566657  15.48981153  -3.93525124   5.97213322
   17.37566657  15.48981153]
 [ -4.02436472   7.39498713  23.15357166  13.98419575  -4.02436472
    7.39498713  23.15357166  13.98419575  -4.02436472   7.39498713
   23.15357166  13.98419575]
 [ -8.04942893   5.83799026  30.59048951  10.591115    -8.04942893
    5.83799026  30.59048951  10.591115    -8.04942893   5.83799026
   30.59048951  10.591115  ]
 [-12.08534233   4.49926916  36.87333087  10.99560002 -12.08534233
    4.49926916  36.87333087  10.99560002 -12.08534233   4.49926916
   36.87333087  10.99560002]
 [-10.56564345   6.23835004  40.58934201  10.24826476 -10.56564345
    6.23835004  40.58934201  10.24826476 -10.56564345   6.23835004
   40.58934201  10.24826476]
 [ -6.21243235  11.86275497  42.74537204   5.00826578  -6.21243235
   11.86275497  42.74537204   5.00826578  -6.21243235  11.86275497
   42.74537204   5.00826578]
 [ -6.71370187  12.81993844  46.19441602   5.41237336  -6.71370187
   12.81993844  46.19441602   5.41237336  -6.71370187  12.81993844
   46.19441602   5.41237336]
 [ -7.2149714   13.77712192  49.64346001   5.81648094  -7.2149714
   13.77712192  49.64346001   5.81648094  -7.2149714   13.77712192
   49.64346001   5.81648094]
 [ -7.71624093  14.73430539  53.09250399   6.22058853  -7.71624093
   14.73430539  53.09250399   6.22058853  -7.71624093  14.73430539
   53.09250399   6.22058853]
 [ -8.21751045  15.69148886  56.54154797   6.62469611  -8.21751045
   15.69148886  56.54154797   6.62469611  -8.21751045  15.69148886
   56.54154797   6.62469611]
 [ -8.71877998  16.64867233  59.99059195   7.02880369  -8.71877998
   16.64867233  59.99059195   7.02880369  -8.71877998  16.64867233
   59.99059195   7.02880369]
 [ -9.24701742  18.88680402  63.19128082   4.3831305   -9.24701742
   18.88680402  63.19128082   4.3831305   -9.24701742  18.88680402
   63.19128082   4.3831305 ]
 [-11.806447    15.79577857  67.12401394   8.22852149 -11.806447
   15.79577857  67.12401394   8.22852149 -11.806447    15.79577857
   67.12401394   8.22852149]
 [-12.38783102  16.57360895  70.42939691   8.63371798 -12.38783102
   16.57360895  70.42939691   8.63371798 -12.38783102  16.57360895
   70.42939691   8.63371798]
 [-12.96921503  17.35143934  73.73477988   9.03891447 -12.96921503
   17.35143934  73.73477988   9.03891447 -12.96921503  17.35143934
   73.73477988   9.03891447]]
delt0_pi shape: (16, 4) w2_pi T shape: (4, 32)
Pi backwards input after actder: [[ -5.00311932   5.34154019  14.04663721  12.43828727]
 [ -3.93525124   5.97213322  17.37566657  15.48981153]
 [ -4.02436472   7.39498713  23.15357166  13.98419575]
 [ -8.04942893   5.83799026  30.59048951  10.591115  ]
 [-12.08534233   4.49926916  36.87333087  10.99560002]
 [-10.56564345   6.23835004  40.58934201  10.24826476]
 [ -6.21243235  11.86275497  42.74537204   5.00826578]
 [ -6.71370187  12.81993844  46.19441602   5.41237336]
 [ -7.2149714   13.77712192  49.64346001   5.81648094]
 [ -7.71624093  14.73430539  53.09250399   6.22058853]
 [ -8.21751045  15.69148886  56.54154797   6.62469611]
 [ -8.71877998  16.64867233  59.99059195   7.02880369]
 [ -9.24701742  18.88680402  63.19128082   4.3831305 ]
 [-11.806447    15.79577857  67.12401394   8.22852149]
 [-12.38783102  16.57360895  70.42939691   8.63371798]
 [-12.96921503  17.35143934  73.73477988   9.03891447]]
delt1_pi before z1:
[[-12.71683711  -3.01543269  16.69156174 -15.10011677  15.21039009
   12.73906974  14.75394848  -0.53770191  14.67431154  12.34767711
   -1.04271273 -16.46118099  14.87734032  13.2551509   14.01949995
  -14.4763422  -13.32320259  12.69090728 -12.66895905 -16.28773546
    3.86556419 -15.64172443 -14.02784735 -14.11385078  12.28808505
  -13.47818116  15.59816396   0.81665056  16.48867726  14.23136122
  -13.92111469 -14.57509228]
 [-16.53410577  -4.59485429  21.67293615 -19.26342126  19.92057517
   16.36835971  18.8904134   -0.90421846  19.44842073  16.47738999
   -0.9624423  -21.33589852  19.43341593  16.63429056  18.16921979
  -19.03316615 -17.05198121  16.4692468  -16.62804166 -20.91337064
    5.17507649 -20.14253814 -18.21777108 -18.06883261  15.7303913
  -17.44518515  20.86418228   0.36396955  21.39699059  18.21104417
  -17.8749562  -18.86168391]
 [-19.16247789  -6.74903998  25.05696574 -21.54572799  23.39222637
   18.5593625   21.27616538  -1.48106698  23.31978199  19.99048028
   -0.2850314  -24.58716137  22.71331237  18.01224687  20.933836
  -22.50518419 -19.19148832  19.02154237 -19.60114286 -23.68144823
    6.31272138 -22.93397663 -21.06970756 -20.34648533  17.71100114
  -20.0519958   25.4137282   -1.05166118  24.71147661  20.48897928
  -20.24154462 -21.67323712]
 [-18.40276833  -8.15293854  23.991664   -19.77590031  22.82282426
   17.34103122  19.70808024  -1.93081114  23.31062106  20.2471742
    0.7011542  -23.44751871  22.03662493  15.81147299  19.95869594
  -22.13699236 -17.76006034  18.19021187 -19.21121806 -22.0893151
    6.43223104 -21.54275907 -20.18263258 -18.84167819  16.39836614
  -19.06167816  25.85351403  -2.73982185  23.62972715  18.95231423
  -18.88148916 -20.59465557]
 [-19.01113429  -9.02437829  24.75889737 -20.09992916  23.70622996
   17.74053186  20.09866853  -2.17774417  24.41086805  21.29435408
    1.07540155 -24.16328506  22.84571256  15.79880799  20.56620867
  -23.05751965 -18.10569943  18.76374734 -19.98573694 -22.58430321
    6.7780333  -22.08135953 -20.83120146 -19.21313887  16.72063187
  -19.62148135  27.22939135  -3.45333805  24.37413992  19.3179943
  -19.30489458 -21.1964979 ]
 [-21.93925408 -10.98260365  28.54784964 -22.88444278  27.47920967
   20.30889665  22.94794453  -2.68603401  28.48187567  24.93086369
    1.5724853  -27.82889283  26.44052746  17.72671296  23.68447554
  -26.78703669 -20.66637801  21.62751435 -23.19560135 -25.8406648
    7.94771612 -25.31849069 -24.02205533 -21.93500697  19.08841312
  -22.57719354  31.91537237  -4.5733549   28.09358246  22.04710175
  -22.0886943  -24.38664034]
 [-25.1750879  -13.43652788  32.72250921 -25.80276575  31.71078276
   23.06347549  25.97097359  -3.33593061  33.13946987  29.13151677
    2.29089763 -31.85112098  30.45193577  19.59936315  27.10525379
  -30.99937919 -23.37984879  24.77884107 -26.80994242 -29.32592846
    9.30445742 -28.81221118 -27.53925757 -24.82182143  21.59913892
  -25.80963795  37.34483414  -6.11111065  32.18619904  24.93737055
  -25.06833378 -27.87399036]
 [-27.20641857 -14.52069614  35.36282717 -27.88474258  34.26946641
   24.92442412  28.06652279  -3.6051006   35.81343161  31.48208428
    2.47574587 -34.42112825  32.90904541  21.18079904  29.29232593
  -33.50066102 -25.26632498  26.77819933 -28.97318644 -31.69218268
   10.05521666 -31.13701452 -29.76134867 -26.8246477   23.34193298
  -27.89216928  40.35811884  -6.60420472  34.78324314  26.94952026
  -27.09105066 -30.12309042]
 [-29.23774925 -15.6048644   38.00314513 -29.9667194   36.82815005
   26.78537275  30.16207199  -3.87427059  38.48739334  33.83265179
    2.66059411 -36.99113553  35.36615506  22.76223493  31.47939807
  -36.00194285 -27.15280118  28.77755759 -31.13643046 -34.05843691
   10.8059759  -33.46181786 -31.98343977 -28.82747396  25.08472703
  -29.97470061  43.37140354  -7.09729879  37.38028723  28.96166997
  -29.11376755 -32.37219048]
 [-31.26907992 -16.68903266  40.64346309 -32.04869623  39.3868337
   28.64632137  32.25762119  -4.14344058  41.16135508  36.1832193
    2.84544234 -39.5611428   37.8232647   24.34367082  33.66647022
  -38.50322467 -29.03927737  30.77691585 -33.29967449 -36.42469113
   11.55673513 -35.7866212  -34.20553086 -30.83030023  26.82752108
  -32.05723194  46.38468824  -7.59039286  39.97733133  30.97381967
  -31.13648443 -34.62129054]
 [-33.3004106  -17.77320092  43.28378105 -34.13067305  41.94551735
   30.50727     34.35317039  -4.41261057  43.83531681  38.53378681
    3.03029058 -42.13115008  40.28037434  25.92510671  35.85354236
  -41.0045065  -30.92575356  32.77627411 -35.46291851 -38.79094535
   12.30749437 -38.11142454 -36.42762196 -32.83312649  28.57031513
  -34.13976327  49.39797294  -8.08348693  42.57437543  32.98596938
  -33.15920132 -36.87039059]
 [-35.33174127 -18.85736918  45.92409901 -36.21264988  44.504201
   32.36821863  36.4487196   -4.68178056  46.50927855  40.88435431
    3.21513882 -44.70115736  42.73748398  27.5065426   38.0406145
  -43.50578833 -32.81222976  34.77563238 -37.62616253 -41.15719958
   13.05825361 -40.43622788 -38.64971306 -34.83595276  30.31310918
  -36.22229459  52.41125764  -8.576581    45.17141952  34.99811909
  -35.1819182  -39.11949065]
 [-36.39074058 -19.8777717   47.28100257 -37.04869906  45.93562027
   33.20698438  37.34387454  -4.96057686  48.15258403  42.39551844
    3.57699617 -45.9960881   44.07940243  27.9261342   39.14126369
  -44.9525005  -33.61309624  35.79693729 -38.85937197 -42.21290203
   13.55035147 -41.51696562 -39.79406844 -35.68996319  31.05543592
  -37.25478898  54.37633237  -9.30473728  46.49755366  35.84985275
  -36.08458539 -40.23228995]
 [-37.3943789  -20.38011728  48.58696215 -38.09561302  47.19267631
   34.13605938  38.39368578  -5.08343236  49.45548585  43.53596945
    3.64889225 -47.26916185  45.28894807  28.73712439  40.22474516
  -46.17788555 -34.55853223  36.78631779 -39.92046788 -43.39504147
   13.91391471 -42.67521067 -40.89298916 -36.69343529  31.92868353
  -38.28761847  55.83628236  -9.51388149  47.78273344  36.85845382
  -37.09508245 -41.3478958 ]
 [-39.2357876  -21.38369392  50.97952642 -39.97155254  49.51658186
   35.81701888  40.28430328  -5.33375545  51.89081877  45.67980805
    3.82857439 -49.59683377  47.51910846  30.15222453  42.20552938
  -48.45181984 -36.26029554  38.59778378 -41.88626859 -45.53194037
   14.5990766  -44.77666299 -42.90667967 -38.50032747  33.50094539
  -40.17301291  58.58582437  -9.98237287  50.13569513  38.673472
  -38.92175292 -43.38398724]
 [-41.07719629 -22.38727056  53.37209069 -41.84749206  51.84048741
   37.49797839  42.17492077  -5.58407855  54.32615169  47.82364665
    4.00825653 -51.9245057   49.74926886  31.56732467  44.1863136
  -50.72575412 -37.96205884  40.40924977 -43.85206931 -47.66883926
   15.2842385  -46.87811531 -44.92037018 -40.30721966  35.07320725
  -42.05840734  61.33536639 -10.45086425  52.48865682  40.48849018
  -40.74842338 -45.42007869]]
==========================Pi out2_pi:==============
[[ 0.          0.          0.80147445  0.          0.75265217  0.89479113
   1.03088033  0.          0.88685751  0.75294036  0.08150084  0.
   0.75731993  0.70065492  0.98162055  0.          0.          1.06428552
   0.          0.          0.27166444  0.          0.          0.
   0.50031698  0.          0.80248797  0.          0.78769606  1.05168283
   0.          0.        ]
 [ 0.          0.          1.40492898  0.          1.25724364  1.31591712
   1.27573554  0.          0.76920297  0.90785361  0.06699479  0.
   1.21238983  0.9119461   1.61354931  0.          0.          0.67169951
   0.          0.          0.0201522   0.          0.          0.
   0.58429421  0.          1.09987023  0.16144497  0.65675753  0.73431864
   0.          0.        ]
 [ 0.          0.          2.00838351  0.          1.76183511  1.73704312
   1.52059075  0.          0.65154842  1.06276686  0.05248874  0.
   1.66745973  1.12323728  2.24547806  0.          0.          0.27911351
   0.          0.          0.          0.          0.          0.
   0.66827145  0.          1.3972525   0.39220306  0.525819    0.41695446
   0.          0.        ]
 [ 0.          0.          2.61183804  0.          2.26642657  2.15816912
   1.76544596  0.          0.53389388  1.21768012  0.03798269  0.
   2.12252964  1.33452846  2.87740682  0.          0.          0.
   0.          0.          0.          0.          0.          0.
   0.75224869  0.          1.69463477  0.62296114  0.39488047  0.09959027
   0.          0.        ]
 [ 0.          0.          3.21529257  0.          2.77101804  2.57929512
   2.01030118  0.          0.41623934  1.37259337  0.02347664  0.
   2.57759954  1.54581963  3.50933558  0.          0.          0.
   0.09919579  0.          0.          0.          0.          0.
   0.83622593  0.          1.99201703  0.85371923  0.26394194  0.
   0.          0.        ]
 [ 0.          0.          3.8187471   0.          3.27560951  3.00042112
   2.25515639  0.          0.29858479  1.52750663  0.00897059  0.
   3.03266944  1.75711081  4.14126433  0.13799134  0.          0.
   0.31544161  0.10816561  0.          0.          0.          0.
   0.92020316  0.          2.2893993   1.08447731  0.1330034   0.
   0.          0.        ]
 [ 0.          0.          4.42220163  0.10063583  3.78020098  3.42154712
   2.5000116   0.          0.18093025  1.68241988  0.          0.
   3.48773935  1.96840199  4.77319309  0.31635904  0.          0.
   0.53168743  0.33787563  0.          0.          0.          0.
   1.0041804   0.          2.58678156  1.3152354   0.00206487  0.
   0.          0.        ]
 [ 0.          0.          5.02565616  0.29720905  4.28479245  3.84267312
   2.74486681  0.          0.06327571  1.83733314  0.          0.
   3.94280925  2.17969316  5.40512185  0.49472673  0.          0.
   0.74793325  0.56758566  0.          0.          0.          0.
   1.08815764  0.          2.88416383  1.54599348  0.          0.
   0.          0.        ]
 [ 0.          0.          5.62911069  0.49378228  4.78938392  4.26379912
   2.98972202  0.          0.          1.99224639  0.          0.
   4.39787915  2.39098434  6.0370506   0.67309442  0.          0.
   0.96417907  0.79729569  0.          0.          0.          0.
   1.17213488  0.          3.18154609  1.77675157  0.          0.
   0.          0.        ]
 [ 0.          0.          6.23256522  0.69035551  5.29397539  4.68492511
   3.23457723  0.          0.          2.14715964  0.          0.
   4.85294906  2.60227552  6.66897936  0.85146211  0.          0.
   1.18042489  1.02700572  0.          0.          0.          0.
   1.25611211  0.          3.47892836  2.00750966  0.          0.
   0.          0.        ]
 [ 0.          0.          6.83601975  0.88692874  5.79856686  5.10605111
   3.47943244  0.          0.          2.3020729   0.          0.
   5.30801896  2.8135667   7.30090812  1.02982981  0.          0.
   1.39667071  1.25671574  0.          0.          0.          0.
   1.34008935  0.          3.77631062  2.23826774  0.          0.
   0.          0.        ]
 [ 0.          0.          7.43947428  1.08350196  6.30315832  5.52717711
   3.72428765  0.          0.          2.45698615  0.          0.
   5.76308886  3.02485787  7.93283688  1.2081975   0.          0.
   1.61291653  1.48642577  0.          0.          0.          0.
   1.42406659  0.          4.07369289  2.46902583  0.          0.
   0.          0.        ]
 [ 0.          0.          8.04292881  1.28007519  6.80774979  5.94830311
   3.96914286  0.          0.          2.61189941  0.          0.
   6.21815877  3.23614905  8.56476563  1.38656519  0.          0.
   1.82916234  1.7161358   0.          0.          0.          0.
   1.50804383  0.          4.37107515  2.69978391  0.          0.
   0.          0.        ]
 [ 0.          0.          8.64638335  1.47664842  7.31234126  6.36942911
   4.21399807  0.          0.          2.76681266  0.          0.
   6.67322867  3.44744023  9.19669439  1.56493289  0.          0.
   2.04540816  1.94584583  0.          0.          0.          0.
   1.59202106  0.          4.66845742  2.930542    0.          0.
   0.          0.        ]
 [ 0.          0.          9.24983788  1.67322165  7.81693273  6.79055511
   4.45885328  0.          0.          2.92172591  0.          0.
   7.12829857  3.6587314   9.82862315  1.74330058  0.          0.
   2.26165398  2.17555586  0.          0.          0.          0.
   1.6759983   0.          4.96583968  3.16130009  0.          0.
   0.0540112   0.        ]
 [ 0.          0.          9.85329241  1.86979488  8.3215242   7.21168111
   4.7037085   0.          0.          3.07663917  0.          0.
   7.58336848  3.87002258 10.4605519   1.92166827  0.          0.
   2.4778998   2.40526588  0.          0.          0.04580064  0.
   1.75997554  0.          5.26322195  3.39205817  0.          0.
   0.14037848  0.        ]]
Pi wa1:
[[    0.             0.          1287.63201004  -936.24229183
   1247.80630278   907.56302871  1021.98103399     0.
    206.40088473  1146.28927213     3.18374755     0.
   1198.27518274   771.28374139  1066.59564062 -1164.1359237
      0.            13.62808288 -1026.5914368  -1097.77566386
      1.29376912     0.          -168.45138817     0.
    849.94569221     0.          1469.4697817   -240.41442979
    143.19769787    29.01148635  -289.03272289     0.        ]
 [    0.             0.          1287.63201004  -936.24229183
   1247.80630278   907.56302871  1021.98103399     0.
    206.40088473  1146.28927213     3.18374755     0.
   1198.27518274   771.28374139  1066.59564062 -1164.1359237
      0.            13.62808288 -1026.5914368  -1097.77566386
      1.29376912     0.          -168.45138817     0.
    849.94569221     0.          1469.4697817   -240.41442979
    143.19769787    29.01148635  -289.03272289     0.        ]
 [    0.             0.          1287.63201004  -936.24229183
   1247.80630278   907.56302871  1021.98103399     0.
    206.40088473  1146.28927213     3.18374755     0.
   1198.27518274   771.28374139  1066.59564062 -1164.1359237
      0.            13.62808288 -1026.5914368  -1097.77566386
      1.29376912     0.          -168.45138817     0.
    849.94569221     0.          1469.4697817   -240.41442979
    143.19769787    29.01148635  -289.03272289     0.        ]
 [    0.             0.          1287.63201004  -936.24229183
   1247.80630278   907.56302871  1021.98103399     0.
    206.40088473  1146.28927213     3.18374755     0.
   1198.27518274   771.28374139  1066.59564062 -1164.1359237
      0.            13.62808288 -1026.5914368  -1097.77566386
      1.29376912     0.          -168.45138817     0.
    849.94569221     0.          1469.4697817   -240.41442979
    143.19769787    29.01148635  -289.03272289     0.        ]
 [    0.             0.          1287.63201004  -936.24229183
   1247.80630278   907.56302871  1021.98103399     0.
    206.40088473  1146.28927213     3.18374755     0.
   1198.27518274   771.28374139  1066.59564062 -1164.1359237
      0.            13.62808288 -1026.5914368  -1097.77566386
      1.29376912     0.          -168.45138817     0.
    849.94569221     0.          1469.4697817   -240.41442979
    143.19769787    29.01148635  -289.03272289     0.        ]
 [    0.             0.          1287.63201004  -936.24229183
   1247.80630278   907.56302871  1021.98103399     0.
    206.40088473  1146.28927213     3.18374755     0.
   1198.27518274   771.28374139  1066.59564062 -1164.1359237
      0.            13.62808288 -1026.5914368  -1097.77566386
      1.29376912     0.          -168.45138817     0.
    849.94569221     0.          1469.4697817   -240.41442979
    143.19769787    29.01148635  -289.03272289     0.        ]
 [    0.             0.          1287.63201004  -936.24229183
   1247.80630278   907.56302871  1021.98103399     0.
    206.40088473  1146.28927213     3.18374755     0.
   1198.27518274   771.28374139  1066.59564062 -1164.1359237
      0.            13.62808288 -1026.5914368  -1097.77566386
      1.29376912     0.          -168.45138817     0.
    849.94569221     0.          1469.4697817   -240.41442979
    143.19769787    29.01148635  -289.03272289     0.        ]
 [    0.             0.          1287.63201004  -936.24229183
   1247.80630278   907.56302871  1021.98103399     0.
    206.40088473  1146.28927213     3.18374755     0.
   1198.27518274   771.28374139  1066.59564062 -1164.1359237
      0.            13.62808288 -1026.5914368  -1097.77566386
      1.29376912     0.          -168.45138817     0.
    849.94569221     0.          1469.4697817   -240.41442979
    143.19769787    29.01148635  -289.03272289     0.        ]]
Pi wa2:
[[   0.            0.            0.            0.        ]
 [   0.            0.            0.            0.        ]
 [-807.63882759 1211.21237072 4766.59554885  655.72956424]
 [-102.49350988  161.61122351  630.06619132   71.87887576]
 [-686.4486915  1028.40550985 4047.16651612  559.86162944]
 [-608.86242232  908.80288667 3576.44537997  504.62100936]
 [-422.87698652  625.13028706 2460.02699199  364.96169264]
 [   0.            0.            0.            0.        ]
 [ -24.11763668   23.95899822   95.36493433   46.59710539]
 [-281.12803112  414.58394526 1631.46834575  245.01799447]
 [  -1.56687573    1.60692725    5.91587459    3.53783189]
 [   0.            0.            0.            0.        ]
 [-629.6710448   942.35232458 3708.50293542  515.92178375]
 [-339.43174657  503.65374692 1982.01199728  288.45869394]
 [-864.94298968 1295.3245701  5097.58869636  706.61667947]
 [-114.98399512  182.19315918  708.44392415   81.57789742]
 [   0.            0.            0.            0.        ]
 [  -9.09130833   11.76044364   33.08333394   27.5455658 ]
 [-155.67762129  245.08973655  954.8828423   111.34698102]
 [-141.00394487  223.48284395  869.01995497   99.72946597]
 [  -1.4384736     1.57145817    4.16612981    3.69119419]
 [   0.            0.            0.            0.        ]
 [  -0.59399841    0.79470711    3.37710047    0.41398811]
 [   0.            0.            0.            0.        ]
 [-164.82582398  242.1990297   953.08986234  145.73701739]
 [   0.            0.            0.            0.        ]
 [-452.96557121  674.08044856 2652.70976094  380.25458574]
 [-258.50175833  392.34693058 1543.61190684  198.94526247]
 [ -16.42801606   16.3652494    61.94945819   35.78161607]
 [ -10.63104466   13.66783476   40.23238316   31.34113533]
 [  -2.48968026    3.33092911   14.15475225    1.7351865 ]
 [   0.            0.            0.            0.        ]]
Pi gr_bias1:
[   0.            0.          576.87928113 -343.00960356  555.66177265
  410.01037508  463.13108449    0.          202.59878051  504.7704952
    1.05885462    0.          534.55192066  356.93920729  478.52739258
 -440.61049925    0.           48.18169645 -401.00783089 -416.09877205
    9.04064067    0.          -44.92037018    0.          385.23190503
    0.          646.27643302  -94.76913728  170.88079303   71.88369889
  -79.6701763     0.        ]
Pi gr_bias2:
[-134.86729744  189.42618279  745.31640136  140.14276719]
