INFO: Found Xilinx Platform
INFO: Loading 'top.xclbin'
here 1
init input states.

input s content:
0.000000 0.000000 -0.250000 0.250000 -0.500000 0.500000 -0.750000 0.750000 -1.000000 1.000000 -1.250000 1.250000 -1.500000 1.500000 -1.750000 1.750000 
input reward/action/done content:
4
4
inied
flags set
4
hi
setArg finished
setArg
sent data

acts:
2 
r:
1.000000 
done:
0 
Weight init.

z1_buf content:
-0.27928951 
-1.33266044 
-1.43395019 
-1.39339924 
-0.63965148 
-0.75667870 
0.07832158 
-0.88706410 
0.48960364 
0.49236104 
0.65350521 
-0.15512979 
-0.92301208 
0.32869115 
-1.58024287 
-1.30416393 
-0.61697489 
2.39624834 
-1.95952845 
-1.83944178 
0.62626648 
0.58944499 
-0.79496026 
0.28247082 
-0.02421671 
-0.90257132 
-1.38111615 
-0.86606252 
0.89375496 
2.22565746 
-1.68714023 
0.35672319 
2.02055836 
-1.86309898 
-1.30515659 
-1.48228025 
-0.22450894 
-0.03689760 
-1.16823530 
-0.50414282 
1.62540674 
-0.65893567 
-0.85540050 
0.59736925 
0.68185115 
-0.28187084 
-1.08456933 
-1.39929819 
-0.02455723 
1.40082049 
1.92921174 
0.46859223 
-0.05669534 
0.66438389 
0.74456406 
-1.60164094 
0.47437078 
-0.06947899 
-0.44553816 
-0.76111031 
-0.52684975 
1.38041162 
-0.99602664 
-1.14561963 

z2_buf content:
5.55443668 
4.99577236 
5.39240074 
4.72157717 

 targ z1_buf content:
-1.96580410 
0.28202027 
3.03689909 
-0.76420790 
2.14495587 
2.54626083 
1.98343909 
0.65573692 
1.28411138 
1.01351976 
-0.49050358 
-1.39780664 
2.43765187 
1.07261872 
3.54348397 
-0.20353031 
-1.00776505 
-0.26767743 
0.42795348 
-0.24132723 
-0.08293760 
-2.58481789 
-1.08829653 
-2.33541775 
1.02485061 
-1.21178031 
2.98609209 
0.72743630 
0.68163717 
-0.12229168 
-0.62312126 
-2.33971977 
0.21117568 
0.22864506 
2.80726576 
0.34182715 
-1.48381615 
2.14730000 
2.34781027 
-1.30848598 
-1.62838924 
-1.08421850 
0.35914642 
-2.75265312 
0.94130677 
2.04690695 
-0.28862208 
3.05327940 
1.49414659 
-1.15497112 
-1.01654768 
1.16584396 
-0.05970800 
-0.66810679 
1.33941054 
3.49031973 
-2.31264782 
1.41175175 
2.30663395 
2.36124372 
-0.60176390 
-0.46165597 
-0.38137966 
-0.89204007 

z2_buf content:
25.55969620 
27.33851051 
25.39765930 
27.06431580 
argmax_tq:27.338511 
tmpq.a[0]:5.392401
node 2, sample in batch-tmpobj.a[0]:18.553709
delt2_buf_fifo content:
0.000000 0.000000 18.553709 0.000000 
delt1_buf content before z1 :

-8.70097828 
-7.01960373 
11.20731354 
-7.61651039 
11.46866703 
7.28533363 
7.94619703 
-1.87564623 
12.75464630 
11.55968475 
2.17739940 
-10.77401066 
10.84284306 
4.66087866 
9.16169930 
-11.45879173 
-7.12741947 
8.45429039 
-9.81631470 
-9.20708752 
3.74137139 
-9.27298260 
-9.44452381 
-7.58657980 
6.59739161 
-8.64264679 
14.96418667 
-4.57078791 
10.97910881 
7.58926487 
-7.87160397 
-9.32203007 
7.82381725 
-4.91463184 
6.27788448 
-8.79388618 
-10.84325409 
8.94733143 
6.14264250 
-9.45874500 
-2.86841297 
-6.82753086 
-4.87229204 
-8.39879990 
9.74919510 
8.83278561 
-9.14697552 
10.91678429 
11.54132080 
2.13803339 
5.70101357 
9.19196892 
0.30850759 
1.09635317 
7.57679081 
9.03911781 
-10.56307697 
9.93474770 
5.98938751 
11.60663223 
-8.60213470 
5.91276550 
-7.56517553 
-8.60005665 

WA2 content after BatchS:
0.00000000 0.00000000 0.00000000 0.00000000 
0.00000000 0.00000000 0.00000000 0.00000000 
0.00000000 0.00000000 0.00000000 0.00000000 
0.00000000 0.00000000 0.00000000 0.00000000 
0.00000000 0.00000000 0.00000000 0.00000000 
0.00000000 0.00000000 0.00000000 0.00000000 
0.00000000 0.00000000 1.45315576 0.00000000 
0.00000000 0.00000000 0.00000000 0.00000000 
0.00000000 0.00000000 9.08396339 0.00000000 
0.00000000 0.00000000 9.13512325 0.00000000 
0.00000000 0.00000000 12.12494564 0.00000000 
0.00000000 0.00000000 0.00000000 0.00000000 
0.00000000 0.00000000 0.00000000 0.00000000 
0.00000000 0.00000000 6.09844017 0.00000000 
0.00000000 0.00000000 0.00000000 0.00000000 
0.00000000 0.00000000 0.00000000 0.00000000 
0.00000000 0.00000000 0.00000000 0.00000000 
0.00000000 0.00000000 44.45929337 0.00000000 
0.00000000 0.00000000 0.00000000 0.00000000 
0.00000000 0.00000000 0.00000000 0.00000000 
0.00000000 0.00000000 11.61956596 0.00000000 
0.00000000 0.00000000 10.93639088 0.00000000 
0.00000000 0.00000000 0.00000000 0.00000000 
0.00000000 0.00000000 5.24088144 0.00000000 
0.00000000 0.00000000 0.00000000 0.00000000 
0.00000000 0.00000000 0.00000000 0.00000000 
0.00000000 0.00000000 0.00000000 0.00000000 
0.00000000 0.00000000 0.00000000 0.00000000 
0.00000000 0.00000000 16.58246994 0.00000000 
0.00000000 0.00000000 41.29420090 0.00000000 
0.00000000 0.00000000 0.00000000 0.00000000 
0.00000000 0.00000000 6.61853838 0.00000000 
0.00000000 0.00000000 37.48885345 0.00000000 
0.00000000 0.00000000 0.00000000 0.00000000 
0.00000000 0.00000000 0.00000000 0.00000000 
0.00000000 0.00000000 0.00000000 0.00000000 
0.00000000 0.00000000 0.00000000 0.00000000 
0.00000000 0.00000000 0.00000000 0.00000000 
0.00000000 0.00000000 0.00000000 0.00000000 
0.00000000 0.00000000 0.00000000 0.00000000 
0.00000000 0.00000000 30.15732384 0.00000000 
0.00000000 0.00000000 0.00000000 0.00000000 
0.00000000 0.00000000 0.00000000 0.00000000 
0.00000000 0.00000000 11.08341503 0.00000000 
0.00000000 0.00000000 12.65086746 0.00000000 
0.00000000 0.00000000 0.00000000 0.00000000 
0.00000000 0.00000000 0.00000000 0.00000000 
0.00000000 0.00000000 0.00000000 0.00000000 
0.00000000 0.00000000 0.00000000 0.00000000 
0.00000000 0.00000000 25.99041557 0.00000000 
0.00000000 0.00000000 35.79403305 0.00000000 
0.00000000 0.00000000 8.69412422 0.00000000 
0.00000000 0.00000000 0.00000000 0.00000000 
0.00000000 0.00000000 12.32678509 0.00000000 
0.00000000 0.00000000 13.81442451 0.00000000 
0.00000000 0.00000000 0.00000000 0.00000000 
0.00000000 0.00000000 8.80133724 0.00000000 
0.00000000 0.00000000 0.00000000 0.00000000 
0.00000000 0.00000000 0.00000000 0.00000000 
0.00000000 0.00000000 0.00000000 0.00000000 
0.00000000 0.00000000 0.00000000 0.00000000 
0.00000000 0.00000000 25.61175537 0.00000000 
0.00000000 0.00000000 0.00000000 0.00000000 
0.00000000 0.00000000 0.00000000 0.00000000 

WA1 content after BatchS:
0.00000000 0.00000000 0.00000000 0.00000000 0.00000000 0.00000000 0.00000000 0.00000000 0.00000000 0.00000000 0.00000000 0.00000000 0.00000000 0.00000000 0.00000000 0.00000000 0.00000000 0.00000000 0.00000000 0.00000000 0.00000000 0.00000000 0.00000000 0.00000000 0.00000000 0.00000000 0.00000000 0.00000000 0.00000000 0.00000000 0.00000000 0.00000000 0.00000000 0.00000000 0.00000000 0.00000000 0.00000000 0.00000000 0.00000000 0.00000000 0.00000000 0.00000000 0.00000000 0.00000000 0.00000000 0.00000000 0.00000000 0.00000000 0.00000000 0.00000000 0.00000000 0.00000000 0.00000000 0.00000000 0.00000000 0.00000000 0.00000000 0.00000000 0.00000000 0.00000000 0.00000000 0.00000000 0.00000000 0.00000000 
0.00000000 0.00000000 0.00000000 0.00000000 0.00000000 0.00000000 -1.98654926 0.00000000 -3.18866158 -2.88992119 -0.54434985 0.00000000 0.00000000 -1.16521966 0.00000000 0.00000000 0.00000000 -2.11357260 0.00000000 0.00000000 -0.93534285 2.31824565 0.00000000 1.89664495 0.00000000 0.00000000 0.00000000 0.00000000 -2.74477720 -1.89731622 0.00000000 2.33050752 -1.95595431 0.00000000 0.00000000 0.00000000 0.00000000 0.00000000 0.00000000 0.00000000 0.71710324 0.00000000 0.00000000 2.09969997 -2.43729877 0.00000000 0.00000000 0.00000000 0.00000000 -0.53450835 -1.42525339 -2.29799223 0.00000000 -0.27408829 -1.89419770 0.00000000 2.64076924 0.00000000 0.00000000 0.00000000 0.00000000 -1.47819138 0.00000000 0.00000000 
0.00000000 0.00000000 0.00000000 0.00000000 0.00000000 0.00000000 -3.97309852 0.00000000 -6.37732315 -5.77984238 -1.08869970 0.00000000 0.00000000 -2.33043933 0.00000000 0.00000000 0.00000000 -4.22714520 0.00000000 0.00000000 -1.87068570 4.63649130 0.00000000 3.79328990 0.00000000 0.00000000 0.00000000 0.00000000 -5.48955441 -3.79463243 0.00000000 4.66101503 -3.91190863 0.00000000 0.00000000 0.00000000 0.00000000 0.00000000 0.00000000 0.00000000 1.43420649 0.00000000 0.00000000 4.19939995 -4.87459755 0.00000000 0.00000000 0.00000000 0.00000000 -1.06901670 -2.85050678 -4.59598446 0.00000000 -0.54817659 -3.78839540 0.00000000 5.28153849 0.00000000 0.00000000 0.00000000 0.00000000 -2.95638275 0.00000000 0.00000000 
0.00000000 0.00000000 0.00000000 0.00000000 0.00000000 0.00000000 -5.95964766 0.00000000 -9.56598473 -8.66976357 -1.63304949 0.00000000 0.00000000 -3.49565887 0.00000000 0.00000000 0.00000000 -6.34071779 0.00000000 0.00000000 -2.80602860 6.95473671 0.00000000 5.68993473 0.0000enqueue
executed kernel
q.finish
hi
TEST PASSED
0000 0.00000000 0.00000000 0.00000000 -8.23433113 -5.69194889 0.00000000 6.99152279 -5.86786270 0.00000000 0.00000000 0.00000000 0.00000000 0.00000000 0.00000000 0.00000000 2.15130973 0.00000000 0.00000000 6.29909992 -7.31189632 0.00000000 0.00000000 0.00000000 0.00000000 -1.60352504 -4.27576017 -6.89397669 0.00000000 -0.82226491 -5.68259335 0.00000000 7.92230797 0.00000000 0.00000000 0.00000000 0.00000000 -4.43457413 0.00000000 0.00000000 
0.00000000 0.00000000 0.00000000 0.00000000 0.00000000 0.00000000 -7.94619703 0.00000000 -12.75464630 -11.55968475 -2.17739940 0.00000000 0.00000000 -4.66087866 0.00000000 0.00000000 0.00000000 -8.45429039 0.00000000 0.00000000 -3.74137139 9.27298260 0.00000000 7.58657980 0.00000000 0.00000000 0.00000000 0.00000000 -10.97910881 -7.58926487 0.00000000 9.32203007 -7.82381725 0.00000000 0.00000000 0.00000000 0.00000000 0.00000000 0.00000000 0.00000000 2.86841297 0.00000000 0.00000000 8.39879990 -9.74919510 0.00000000 0.00000000 0.00000000 0.00000000 -2.13803339 -5.70101357 -9.19196892 0.00000000 -1.09635317 -7.57679081 0.00000000 10.56307697 0.00000000 0.00000000 0.00000000 0.00000000 -5.91276550 0.00000000 0.00000000 
0.00000000 0.00000000 0.00000000 0.00000000 0.00000000 0.00000000 -9.93274593 0.00000000 -15.94330788 -14.44960594 -2.72174931 0.00000000 0.00000000 -5.82609844 0.00000000 0.00000000 0.00000000 -10.56786346 0.00000000 0.00000000 -4.67671442 11.59122849 0.00000000 9.48322487 0.00000000 0.00000000 0.00000000 0.00000000 -13.72388649 -9.48658085 0.00000000 11.65253735 -9.77977180 0.00000000 0.00000000 0.00000000 0.00000000 0.00000000 0.00000000 0.00000000 3.58551621 0.00000000 0.00000000 10.49849987 -12.18649387 0.00000000 0.00000000 0.00000000 0.00000000 -2.67254162 -7.12626696 -11.48996162 0.00000000 -1.37044144 -9.47098827 0.00000000 13.20384598 0.00000000 0.00000000 0.00000000 0.00000000 -7.39095688 0.00000000 0.00000000 
0.00000000 0.00000000 0.00000000 0.00000000 0.00000000 0.00000000 -11.91929531 0.00000000 -19.13196945 -17.33952713 -3.26609898 0.00000000 0.00000000 -6.99131775 0.00000000 0.00000000 0.00000000 -12.68143559 0.00000000 0.00000000 -5.61205721 13.90947342 0.00000000 11.37986946 0.00000000 0.00000000 0.00000000 0.00000000 -16.46866226 -11.38389778 0.00000000 13.98304558 -11.73572540 0.00000000 0.00000000 0.00000000 0.00000000 0.00000000 0.00000000 0.00000000 4.30261946 0.00000000 0.00000000 12.59819984 -14.62379265 0.00000000 0.00000000 0.00000000 0.00000000 -3.20705009 -8.55152035 -13.78795338 0.00000000 -1.64452982 -11.36518669 0.00000000 15.84461594 0.00000000 0.00000000 0.00000000 0.00000000 -8.86914825 0.00000000 0.00000000 
0.00000000 0.00000000 0.00000000 0.00000000 0.00000000 0.00000000 -13.90584469 0.00000000 -22.32063103 -20.22944832 -3.81044888 0.00000000 0.00000000 -8.15653801 0.00000000 0.00000000 0.00000000 -14.79500771 0.00000000 0.00000000 -6.54740000 16.22772026 0.00000000 13.27651501 0.00000000 0.00000000 0.00000000 0.00000000 -19.21343994 -13.28121376 0.00000000 16.31355286 -13.69167995 0.00000000 0.00000000 0.00000000 0.00000000 0.00000000 0.00000000 0.00000000 5.01972294 0.00000000 0.00000000 14.69789982 -17.06109238 0.00000000 0.00000000 0.00000000 0.00000000 -3.74155855 -9.97677422 -16.08594513 0.00000000 -1.91861808 -13.25938416 0.00000000 18.48538399 0.00000000 0.00000000 0.00000000 0.00000000 -10.34733963 0.00000000 0.00000000 

w1bram updated.

w2bram updated.

Transfer.
The maximum depth reached by any of the 12 hls::stream() instances in the design is 64
