INFO: Found Xilinx Platform
INFO: Loading 'top.xclbin'
here 1
init input states.

input s content:
0.000000 -0.250000 -0.500000 -0.750000 -1.000000 -1.250000 -1.500000 -1.750000 inied
flags set
hi
setArg finished
starting kernel
setArg
sent data
executed kernel

z1_buf content:
-0.27928951 
-1.33266044 
-1.43395019 
-1.39339924 
-0.63965148 
-0.75667870 
0.07832158 
-0.88706410 
0.48960364 
0.49236104 
0.65350521 
-0.15512979 
-0.92301208 
0.32869115 
-1.58024287 
-1.30416393 
-0.61697489 
2.39624834 
-1.95952845 
-1.83944178 
0.62626648 
0.58944499 
-0.79496026 
0.28247082 
-0.02421671 
-0.90257132 
-1.38111615 
-0.86606252 
0.89375496 
2.22565746 
-1.68714023 
0.35672319 
2.02055836 
-1.86309898 
-1.30515659 
-1.48228025 
-0.22450894 
-0.03689760 
-1.16823530 
-0.50414282 
1.62540674 
-0.65893567 
-0.85540050 
0.59736925 
0.68185115 
-0.28187084 
-1.08456933 
-1.39929819 
-0.02455723 
1.40082049 
1.92921174 
0.46859223 
-0.05669534 
0.66438389 
0.74456406 
-1.60164094 
0.47437078 
-0.06947899 
-0.44553816 
-0.76111031 
-0.52684975 
1.38041162 
-0.99602664 
-1.14561963 

z2_buf content:
5.55443668 
4.99577236 
5.39240074 
4.72157717 
argmax_tq:5.000000 
tmpq.a[0]:5.392401
node 2, tmpobj.a[0]:0.784801
delt2_buf[0][2]:0.784801
delt2_buf content:
0.000000 0.000000 0.784801 0.000000 
delt1_buf content before z1 :

-0.36804181 
-0.29692152 
0.47405702 
-0.32217002 
0.48511198 
0.30816159 
0.33611539 
-0.07933778 
0.53950751 
0.48896194 
0.09210160 
-0.45572877 
0.45864034 
0.19715004 
0.38752979 
-0.48469430 
-0.30148199 
0.35760719 
-0.41521934 
-0.38944966 
0.15825589 
-0.39223698 
-0.39949295 
-0.32090399 
0.27906239 
-0.36557445 
0.63296866 
-0.19333930 
0.46440423 
0.32101756 
-0.33296019 
-0.39431161 
0.33093885 
-0.20788352 
0.26554760 
-0.37197173 
-0.45865771 
0.37846226 
0.25982702 
-0.40009451 
-0.12133072 
-0.28879705 
-0.20609260 
-0.35525998 
0.41238025 
0.37361711 
-0.38690698 
0.46176797 
0.48818520 
0.09043646 
0.24114659 
0.38881016 
0.01304953 
0.04637453 
0.32048991 
0.38234472 
-0.44680652 
0.42022890 
0.25334451 
0.49094778 
-0.36386082 
0.25010347 
-0.31999859 
-0.36377293 

WA2 content after BSIZE:
0.00000000 0.00000000 0.00000000 0.00000000 
0.00000000 0.00000000 0.00000000 0.00000000 
0.00000000 0.00000000 0.00000000 0.00000000 
0.00000000 0.00000000 0.00000000 0.00000000 
0.00000000 0.00000000 0.00000000 0.00000000 
0.00000000 0.00000000 0.00000000 0.00000000 
0.00000000 0.00000000 0.06146689 0.00000000 
0.00000000 0.00000000 0.00000000 0.00000000 
0.00000000 0.00000000 0.38424167 0.00000000 
0.00000000 0.00000000 0.38640568 0.00000000 
0.00000000 0.00000000 0.51287186 0.00000000 
0.00000000 0.00000000 0.00000000 0.00000000 
0.00000000 0.00000000 0.00000000 0.00000000 
0.00000000 0.00000000 0.25795731 0.00000000 
0.00000000 0.00000000 0.00000000 0.00000000 
0.00000000 0.00000000 0.00000000 0.00000000 
0.00000000 0.00000000 0.00000000 0.00000000 
0.00000000 0.00000000 1.88057923 0.00000000 
0.00000000 0.00000000 0.00000000 0.00000000 
0.00000000 0.00000000 0.00000000 0.00000000 
0.00000000 0.00000000 0.49149486 0.00000000 
0.00000000 0.00000000 0.46259731 0.00000000 
0.00000000 0.00000000 0.00000000 0.00000000 
0.00000000 0.00000000 0.22168352 0.00000000 
0.00000000 0.00000000 0.00000000 0.00000000 
0.00000000 0.00000000 0.00000000 0.00000000 
0.00000000 0.00000000 0.00000000 0.00000000 
0.00000000 0.00000000 0.00000000 0.00000000 
0.00000000 0.00000000 0.70142019 0.00000000 
0.00000000 0.00000000 1.74669933 0.00000000 
0.00000000 0.00000000 0.00000000 0.00000000 
0.00000000 0.00000000 0.27995688 0.00000000 
0.00000000 0.00000000 1.58573723 0.00000000 
0.00000000 0.00000000 0.00000000 0.00000000 
0.00000000 0.00000000 0.00000000 0.00000000 
0.00000000 0.00000000 0.00000000 0.00000000 
0.00000000 0.00000000 0.00000000 0.00000000 
0.00000000 0.00000000 0.00000000 0.00000000 
0.00000000 0.00000000 0.00000000 0.00000000 
0.00000000 0.00000000 0.00000000 0.00000000 
0.00000000 0.00000000 1.27562165 0.00000000 
0.00000000 0.00000000 0.00000000 0.00000000 
0.00000000 0.00000000 0.00000000 0.00000000 
0.00000000 0.00000000 0.46881628 0.00000000 
0.00000000 0.00000000 0.53511781 0.00000000 
0.00000000 0.00000000 0.00000000 0.00000000 
0.00000000 0.00000000 0.00000000 0.00000000 
0.00000000 0.00000000 0.00000000 0.00000000 
0.00000000 0.00000000 0.00000000 0.00000000 
0.00000000 0.00000000 1.09936595 0.00000000 
0.00000000 0.00000000 1.51404822 0.00000000 
0.00000000 0.00000000 0.36775187 0.00000000 
0.00000000 0.00000000 0.00000000 0.00000000 
0.00000000 0.00000000 0.52140945 0.00000000 
0.00000000 0.00000000 0.58433497 0.00000000 
0.00000000 0.00000000 0.00000000 0.00000000 
0.00000000 0.00000000 0.37228689 0.00000000 
0.00000000 0.00000000 0.00000000 0.00000000 
0.00000000 0.00000000 0.00000000 0.00000000 
0.00000000 0.00000000 0.00000000 0.00000000 
0.00000000 0.00000000 0.00000000 0.00000000 
0.00000000 0.00000000 1.08334911 0.00000000 
0.00000000 0.00000000 0.00000000 0.00000000 
0.00000000 0.00000000 0.00000000 0.00000000 

WA1 content after BSIZE:
0.00000000 0.00000000 0.00000000 0.00000000 0.00000000 0.00000000 0.00000000 0.00000000 0.00000000 0.00000000 0.00000000 0.00000000 0.00000000 0.00000000 0.00000000 0.00000000 0.00000000 0.00000000 0.00000000 0.00000000 0.00000000 0.00000000 0.00000000 0.00000000 0.00000000 0.00000000 0.00000000 0.00000000 0.00000000 0.00000000 0.00000000 0.00000000 0.00000000 0.00000000 0.00000000 0.00000000 0.00000000 0.00000000 0.00000000 0.00000000 0.00000000 0.00000000 0.00000000 0.00000000 0.00000000 0.00000000 0.00000000 0.00000000 0.00000000 0.00000000 0.00000000 0.00000000 0.00000000 0.00000000 0.00000000 0.00000000 0.00000000 0.00000000 0.00000000 0.00000000 0.00000000 0.00000000 0.00000000 0.00000000 
0.00000000 0.00000000 0.00000000 0.00000000 0.00000000 0.00000000 -0.08402885 0.00000000 -0.13487688 -0.12224048 -0.02302540 0.00000000 0.00000000 -0.04928751 0.00000000 0.00000000 0.00000000 -0.08940180 0.00000000 0.00000000 -0.03956397 0.09805924 0.00000000 0.08022600 0.00000000 0.00000000 0.00000000 0.00000000 -0.11610106 -0.08025439 0.00000000 0.09857790 -0.08273471 0.00000000 0.00000000 0.00000000 0.00000000 0.00000000 0.00000000 0.00000000 0.03033268 0.00000000 0.00000000 0.08881500 -0.10309506 0.00000000 0.00000000 0.00000000 0.00000000 -0.02260911 -0.06028665 -0.09720254 0.00000000 -0.01159363 -0.08012248 0.00000000 0.11170163 0.00000000 0.00000000 0.00000000 0.00000000 -0.06252587 0.00000000 0.00000000 
0.00000000 0.00000000 0.00000000 0.00000000 0.00000000 0.00000000 -0.16805770 0.00000000 -0.26975375 -0.24448097 -0.04605080 0.00000000 0.00000000 -0.09857502 0.00000000 0.00000000 0.00000000 -0.17880359 0.00000000 0.00000000 -0.07912795 0.19611849 0.00000000 0.16045199 0.00000000 0.00000000 0.00000000 0.00000000 -0.23220211 -0.16050878 0.00000000 0.19715580 -0.16546942 0.00000000 0.00000000 0.00000000 0.00000000 0.00000000 0.00000000 0.00000000 0.06066536 0.00000000 0.00000000 0.17762999 -0.20619012 0.00000000 0.00000000 0.00000000 0.00000000 -0.04521823 -0.12057330 -0.19440508 0.00000000 -0.02318727 -0.16024496 0.00000000 0.22340326 0.00000000 0.00000000 0.00000000 0.00000000 -0.12505174 0.00000000 0.00000000 
0.00000000 0.00000000 0.00000000 0.00000000 0.00000000 0.00000000 -0.25208655 0.00000000 -0.40463063 -0.36672145 -0.06907620 0.00000000 0.00000000 -0.14786252 0.00000000 0.00000000 0.00000000 -0.26820540 0.00000000 0.00000000 -0.11869192 0.29417774 0.00000000 0.24067798 0.00000000 0.00000000 0.00000000 0.00000000 -0.34830317 -0.24076317 0.00000000 0.29573369 -0.24820414 0.00000000 0.00000000 0.00000000 0.00000000 0.00000000 0.00000000 0.00000000 0.09099804 0.00000000 0.00000000 0.26644498 -0.30928519 0.00000000 0.00000000 0.00000000 0.00000000 -0.06782734 -0.18085995 -0.29160762 0.00000000 -0.03478090 -0.24036744 0.00000000 0.33510488 0.00000000 0.00000000 0.00000000 0.00000000 -0.18757761 0.00000000 0.00000000 
0.00000000 0.00000000 0.00000000 0.00000000 0.00000000 0.00000000 -0.33611539 0.00000000 -0.53950751 -0.48896194 -0.09210160 0.00000000 0.00000000 -0.19715004 0.00000000 0.00000000 0.00000000 -0.35760719 0.00000000 0.00000000 -0.15825589 0.39223698 0.00000000 0.32090399 0.00000000 0.00000000 0.00000000 0.00000000 -0.46440423 -0.32101756 0.00000000 0.39431161 -0.33093885 0.00000000 0.00000000 0.00000000 0.00000000 0.00000000 0.00000000 0.00000000 0.12133072 0.00000000 0.00000000 0.35525998 -0.41238025 0.00000000 0.00000000 0.00000000 0.00000000 -0.09043646 -0.24114659 -0.38881016 0.00000000 -0.04637453 -0.32048991 0.00000000 0.44680652 0.00000000 0.00000000 0.00000000 0.00000000 -0.25010347 0.00000000 0.00000000 
0.00000000 0.00000000 0.00000000 0.00000000 0.00000000 0.00000000 -0.42014423 0.00000000 -0.67438436 -0.61120242 -0.11512700 0.00000000 0.00000000 -0.24643755 0.00000000 0.00000000 0.00000000 -0.44700897 0.00000000 0.00000000 -0.19781986 0.49029621 0.00000000 0.40112999 0.00000000 0.00000000 0.00000000 0.00000000 -0.58050525 -0.40127194 0.00000000 0.49288952 -0.41367355 0.00000000 0.00000000 0.00000000 0.00000000 0.00000000 0.00000000 0.00000000 0.15166339 0.00000000 0.00000000 0.44407499 -0.51547533 0.00000000 0.00000000 0.00000000 0.00000000 -0.11304557 -0.30143324 -0.48601270 0.00000000 -0.05796817 -0.40061238 0.00000000 0.55850816 0.00000000 0.00000000 0.00000000 0.00000000 -0.31262934 0.00000000 0.00000000 
0.00000000 0.00000000 0.00000000 0.00000000 0.00000000 0.00000000 -0.50417310 0.00000000 -0.80926126 -0.73344290 -0.13815241 0.00000000 0.00000000 -0.29572505 0.00000000 0.00000000 0.00000000 -0.53641081 0.00000000 0.00000000 -0.23738384 0.58835548 0.00000000 0.48135597 0.00000000 0.00000000 0.00000000 0.00000000 -0.69660634 -0.48152635 0.00000000 0.59146738 -0.49640828 0.00000000 0.00000000 0.00000000 0.00000000 0.00000000 0.00000000 0.00000000 0.18199608 0.00000000 0.00000000 0.53288996 -0.61857039 0.00000000 0.00000000 0.00000000 0.00000000 -0.13565469 -0.36171991 -0.58321524 0.00000000 -0.06956180 -0.48073488 0.00000000 0.67020977 0.00000000 0.00000000 0.00000000 0.00000000 -0.37515521 0.00000000 0.00000000 
0.00000000 0.00000000 0.00000000 0.00000000 0.00000000 0.00000000 -0.58820194 0.00000000 -0.94413817 -0.85568339 -0.16117781 0.00000000 0.00000000 -0.34501258 0.00000000 0.00000000 0.00000000 -0.62581259 0.00000000 0.00000000 -0.27694780 0.68641472 0.00000000 0.56158197 0.00000000 0.00000000 0.00000000 0.00000000 -0.81270742 -0.56178075 0.00000000 0.69004530 -0.57914299 0.00000000 0.00000000 0.00000000 0.00000000 0.00000000 0.00000000 0.00000000 0.21232875 0.00000000 0.00000000 0.62170500 -0.72166544 0.00000000 0.00000000 0.00000000 0.00000000 -0.15826380 -0.42200655 -0.68041778 0.00000000 -0.08115543 -0.56085736 0.00000000 0.78191143 0.00000000 0.00000000 0.00000000 0.00000000 -0.43768108 0.00000000 0.00000000 

WA2 content after BatchS:
0.00000000 0.00000000 0.00000000 0.00000000 
0.00000000 0.00000000 0.00000000 0.00000000 
0.00000000 0.00000000 0.00000000 0.00000000 
0.00000000 0.00000000 0.00000000 0.00000000 
0.00000000 0.00000000 0.00000000 0.00000000 
0.00000000 0.00000000 0.00000000 0.00000000 
0.00000000 0.00000000 0.06146689 0.00000000 
0.00000000 0.00000000 0.00000000 0.00000000 
0.00000000 0.00000000 0.38424167 0.00000000 
0.00000000 0.00000000 0.38640568 0.00000000 
0.00000000 0.00000000 0.51287186 0.00000000 
0.00000000 0.00000000 0.00000000 0.00000000 
0.00000000 0.00000000 0.00000000 0.00000000 
0.00000000 0.00000000 0.25795731 0.00000000 
0.00000000 0.00000000 0.00000000 0.00000000 
0.00000000 0.00000000 0.00000000 0.00000000 
0.00000000 0.00000000 0.00000000 0.00000000 
0.00000000 0.00000000 1.88057923 0.00000000 
0.00000000 0.00000000 0.00000000 0.00000000 
0.00000000 0.00000000 0.00000000 0.00000000 
0.00000000 0.00000000 0.49149486 0.00000000 
0.00000000 0.00000000 0.46259731 0.00000000 
0.00000000 0.00000000 0.00000000 0.00000000 
0.00000000 0.00000000 0.22168352 0.00000000 
0.00000000 0.00000000 0.00000000 0.00000000 
0.00000000 0.00000000 0.00000000 0.00000000 
0.00000000 0.00000000 0.00000000 0.00000000 
0.00000000 0.00000000 0.00000000 0.00000000 
0.00000000 0.00000000 0.70142019 0.00000000 
0.00000000 0.00000000 1.74669933 0.00000000 
0.00000000 0.00000000 0.00000000 0.00000000 
0.00000000 0.00000000 0.27995688 0.00000000 
0.00000000 0.00000000 1.58573723 0.00000000 
0.00000000 0.00000000 0.00000000 0.00000000 
0.00000000 0.00000000 0.00000000 0.00000000 
0.00000000 0.00000000 0.00000000 0.00000000 
0.00000000 0.00000000 0.00000000 0.00000000 
0.00000000 0.00000000 0.00000000 0.00000000 
0.00000000 0.00000000 0.00000000 0.00000000 
0.00000000 0.00000000 0.00000000 0.00000000 
0.00000000 0.00000000 1.27562165 0.00000000 
0.00000000 0.00000000 0.00000000 0.00000000 
0.00000000 0.00000000 0.00000000 0.00000000 
0.00000000 0.00000000 0.46881628 0.00000000 
0.00000000 0.00000000 0.53511781 0.00000000 
0.00000000 0.00000000 0.00000000 0.00000000 
0.00000000 0.00000000 0.00000000 0.00000000 
0.00000000 0.00000000 0.00000000 0.00000000 
0.00000000 0.00000000 0.00000000 0.00000000 
0.00000000 0.00000000 1.09936595 0.00000000 
0.00000000 0.00000000 1.51404822 0.00000000 
0.00000000 0.00000000 0.36775187 0.00000000 
0.00000000 0.00000000 0.00000000 0.00000000 
0.00000000 0.00000000 0.52140945 0.00000000 
0.00000000 0.00000000 0.58433497 0.00000000 
0.00000000 0.00000000 0.00000000 0.00000000 
0.00000000 0.00000000 0.37228689 0.00000000 
0.00000000 0.00000000 0.00000000 0.00000000 
0.00000000 0.00000000 0.00000000 0.00000000 
0.00000000 0.00000000 0.00000000 0.00000000 
0.00000000 0.00000000 0.00000000 0.00000000 
0.00000000 0.00000000 1.08334911 0.00000000 
0.00000000 0.00000000 0.00000000 0.00000000 
0.00000000 0.00000000 0.00000000 0.00000000 

WA1 content after BatchS:
0.00000000 0.00000000 0.00000000 0.00000000 0.00000000 0.00000000 0.00000000 0.00000000 0.00000000 0.00000000 0.00000000 0.00000000 0.00000000 0.00000000 0.00000000 0.00000000 0.00000000 0.00000000 0.00000000 0.00000000 0.00000000 0.00000000 0.00000000 0.00000000 0.00000000 0.00000000 0.00000000 0.00000000 0.00000000 0.00000000 0.00000000 0.00000000 0.00000000 0.00000000 0.00000000 0.00000000 0.00000000 0.00000000 0.00000000 0.00000000 0.00000000 0.00000000 0.00000000 0.00000000 0.00000000 0.00000000 0.00000000 0.00000000 0.00000000 0.00000000 0.00000000 0.00000000 0.00000000 0.00000000 0.00000000 0.00000000 0.00000000 0.00000000 0.00000000 0.00000000 0.00000000 0.00000000 0.00000000 0.00000000 
0.00000000 0.00000000 0.00000000 0.00000000 0.00000000 0.00000000 -0.08402885 0.00000000 -0.13487688 -0.12224048 -0.02302540 0.00000000 0.00000000 -0.04928751 0.00000000 0.00000000 0.00000000 -0.08940180 0.00000000 0.00000000 -0.03956397 0.09805924 0.00000000 0.08022600 0.00000000 0.00000000 0.00000000 0.00000000 -0.11610106 -0.08025439 0.00000000 0.09857790 -0.08273471 0.00000000 0.00000000 0.00000000 0.00000000 0.00000000 0.00000000 0.00000000 0.03033268 0.00000000 0.00000000 0.08881500 -0.10309506 0.00000000 0.00000000 0.00000000 0.00000000 -0.02260911 -0.06028665 -0.09720254 0.00000000 -0.01159363 -0.08012248 0.00000000 0.11170163 0.00000000 0.00000000 0.00000000 0.00000000 -0.06252587 0.00000000 0.00000000 
0.00000000 0.00000000 0.00000000 0.00000000 0.00000000 0.00000000 -0.16805770 0.00000000 -0.26975375 -0.24448097 -0.04605080 0.00000000 0.00000000 -0.09857502 0.00000000 0.00000000 0.00000000 -0.17880359 0.00000000 0.00000000 -0.07912795 0.19611849 0.00000000 0.16045199 0.00000000 0.00000000 0.00000000 0.00000000 -0.23220211 -0.16050878 0.00000000 0.19715580 -0.16546942 0.00000000 0.00000000 0.00000000 0.00000000 0.00000000 0.00000000 0.00000000 0.06066536 0.00000000 0.00000000 0.17762999 -0.20619012 0.00000000 0.00000000 0.00000000 0.00000000 -0.04521823 -0.12057330 -0.19440508 0.00000000 -0.02318727 -0.16024496 0.00000000 0.22340326 0.00000000 0.00000000 0.00000000 0.00000000 -0.12505174 0.00000000 0.00000000 
0.00000000 0.00000000 0.00000000 0.00000000 0.00000000 0.00000000 -0.25208655 0.00000000 -0.40463063 -0.36672145 -0.06907620 0.00000000 0.00000000 -0.14786252 0.00000000 0.00000000 0.00000000 -0.26820540 0.00000000 0.00000000 -0.11869192 0.29417774 0.00000000 0.24067798 0.00000000 0.00000000 0.00000000 0.00000000 -0.34830317 -0.24076317 0.00000000 0.29573369 -0.24820414 0.00000000 0.00000000 0.00000000 0.00000000 0.00000000 0.00000000 0.00000000 0.09099804 0.00000000 0.00000000 0.26644498 -0.30928519 0.00000000 0.00000000 0.00000000 0.00000000 -0.06782734 -0.18085995 -0.29160762 0.00000000 -0.03478090 -0.24036744 0.00000000 0.33510488 0.00000000 0.00000000 0.00000000 0.00000000 -0.18757761 0.00000000 0.00000000 
0.00000000 0.0000000q.finish
hi
TEST PASSED
0 0.00000000 0.00000000 0.00000000 0.00000000 -0.33611539 0.00000000 -0.53950751 -0.48896194 -0.09210160 0.00000000 0.00000000 -0.19715004 0.00000000 0.00000000 0.00000000 -0.35760719 0.00000000 0.00000000 -0.15825589 0.39223698 0.00000000 0.32090399 0.00000000 0.00000000 0.00000000 0.00000000 -0.46440423 -0.32101756 0.00000000 0.39431161 -0.33093885 0.00000000 0.00000000 0.00000000 0.00000000 0.00000000 0.00000000 0.00000000 0.12133072 0.00000000 0.00000000 0.35525998 -0.41238025 0.00000000 0.00000000 0.00000000 0.00000000 -0.09043646 -0.24114659 -0.38881016 0.00000000 -0.04637453 -0.32048991 0.00000000 0.44680652 0.00000000 0.00000000 0.00000000 0.00000000 -0.25010347 0.00000000 0.00000000 
0.00000000 0.00000000 0.00000000 0.00000000 0.00000000 0.00000000 -0.42014423 0.00000000 -0.67438436 -0.61120242 -0.11512700 0.00000000 0.00000000 -0.24643755 0.00000000 0.00000000 0.00000000 -0.44700897 0.00000000 0.00000000 -0.19781986 0.49029621 0.00000000 0.40112999 0.00000000 0.00000000 0.00000000 0.00000000 -0.58050525 -0.40127194 0.00000000 0.49288952 -0.41367355 0.00000000 0.00000000 0.00000000 0.00000000 0.00000000 0.00000000 0.00000000 0.15166339 0.00000000 0.00000000 0.44407499 -0.51547533 0.00000000 0.00000000 0.00000000 0.00000000 -0.11304557 -0.30143324 -0.48601270 0.00000000 -0.05796817 -0.40061238 0.00000000 0.55850816 0.00000000 0.00000000 0.00000000 0.00000000 -0.31262934 0.00000000 0.00000000 
0.00000000 0.00000000 0.00000000 0.00000000 0.00000000 0.00000000 -0.50417310 0.00000000 -0.80926126 -0.73344290 -0.13815241 0.00000000 0.00000000 -0.29572505 0.00000000 0.00000000 0.00000000 -0.53641081 0.00000000 0.00000000 -0.23738384 0.58835548 0.00000000 0.48135597 0.00000000 0.00000000 0.00000000 0.00000000 -0.69660634 -0.48152635 0.00000000 0.59146738 -0.49640828 0.00000000 0.00000000 0.00000000 0.00000000 0.00000000 0.00000000 0.00000000 0.18199608 0.00000000 0.00000000 0.53288996 -0.61857039 0.00000000 0.00000000 0.00000000 0.00000000 -0.13565469 -0.36171991 -0.58321524 0.00000000 -0.06956180 -0.48073488 0.00000000 0.67020977 0.00000000 0.00000000 0.00000000 0.00000000 -0.37515521 0.00000000 0.00000000 
0.00000000 0.00000000 0.00000000 0.00000000 0.00000000 0.00000000 -0.58820194 0.00000000 -0.94413817 -0.85568339 -0.16117781 0.00000000 0.00000000 -0.34501258 0.00000000 0.00000000 0.00000000 -0.62581259 0.00000000 0.00000000 -0.27694780 0.68641472 0.00000000 0.56158197 0.00000000 0.00000000 0.00000000 0.00000000 -0.81270742 -0.56178075 0.00000000 0.69004530 -0.57914299 0.00000000 0.00000000 0.00000000 0.00000000 0.00000000 0.00000000 0.00000000 0.21232875 0.00000000 0.00000000 0.62170500 -0.72166544 0.00000000 0.00000000 0.00000000 0.00000000 -0.15826380 -0.42200655 -0.68041778 0.00000000 -0.08115543 -0.56085736 0.00000000 0.78191143 0.00000000 0.00000000 0.00000000 0.00000000 -0.43768108 0.00000000 0.00000000 
The maximum depth reached by any of the 7 hls::stream() instances in the design is 64
