INFO: Found Xilinx Platform
INFO: Loading 'top.xclbin'
here 1
init input states.

input s content:
0.000000 -0.250000 -0.500000 -0.750000 -1.000000 -1.250000 -1.500000 -1.750000 inied
flags set
hi
setArg finished
starting kernel
setArg
sent data
executed kernel

z1_buf content:
-0.27928954 
-1.33266068 
-1.43395007 
-1.39339924 
-0.63965154 
-0.75667870 
0.07832158 
-0.88706410 
0.48960364 
0.49236104 
0.65350527 
-0.15512973 
-0.92301214 
0.32869115 
-1.58024287 
-1.30416393 
-0.61697483 
2.39624834 
-1.95952845 
-1.83944178 
0.62626648 
0.58944499 
-0.79496026 
0.28247082 
-0.02421671 
-0.90257138 
-1.38111627 
-0.86606258 
0.89375496 
2.22565746 
-1.68714023 
0.35672319 
2.02055836 
-1.86309886 
-1.30515671 
-1.48228025 
-0.22450894 
-0.03689754 
-1.16823530 
-0.50414288 
1.62540686 
-0.65893567 
-0.85540050 
0.59736919 
0.68185109 
-0.28187078 
-1.08456945 
-1.39929831 
-0.02455723 
1.40082061 
1.92921162 
0.46859223 
-0.05669535 
0.66438389 
0.74456406 
-1.60164106 
0.47437078 
-0.06947899 
-0.44553816 
-0.76111037 
-0.52684969 
1.38041174 
-0.99602669 
-1.14561963 

z2_buf content:
5.55443668 
4.99577236 
5.84972048 
5.32223225 
argmax_tq:5.000000 
tmpq.a[0]:5.849720
node 2, tmpobj.a[0]:1.699441
delt2_buf[0][2]:1.699441
delt2_buf content:
0.000000 0.000000 1.699441 0.000000 
delt1_buf content before z1 :

-0.79697269 
-0.64296591 
1.02654231 
-0.69764000 
1.05048120 
0.66730559 
0.72783786 
-0.17180124 
1.16827142 
1.05881798 
0.19944055 
-0.98685360 
0.99315834 
0.42691666 
0.83917272 
-1.04957664 
-0.65284133 
0.77437711 
-0.89913279 
-0.84333009 
0.34269372 
-0.84936583 
-0.86507827 
-0.69489849 
0.60429305 
-0.79162979 
1.37065601 
-0.41866475 
1.00563979 
0.69514447 
-0.72100550 
-0.85385835 
0.71662843 
-0.45015943 
0.57502759 
-0.80548263 
-0.99319601 
0.81953752 
0.56263995 
-0.86638093 
-0.26273444 
-0.62537283 
-0.44628125 
-0.76929438 
0.89298493 
0.80904561 
-0.83782411 
0.99993110 
1.05713606 
0.19583477 
0.52218860 
0.84194529 
0.02825799 
0.10042129 
0.69400185 
0.82794476 
-0.96753293 
0.90998071 
0.54860246 
1.06311822 
-0.78791898 
0.54158419 
-0.69293797 
-0.78772867 

delt1_buf content after z1:

0.00000000 
0.00000000 
0.00000000 
0.00000000 
0.00000000 
0.00000000 
0.72783786 
0.00000000 
1.16827142 
1.05881798 
0.19944055 
0.00000000 
0.00000000 
0.42691666 
0.00000000 
0.00000000 
0.00000000 
0.77437711 
0.00000000 
0.00000000 
0.34269372 
-0.84936583 
0.00000000 
-0.69489849 
0.00000000 
0.00000000 
0.00000000 
0.00000000 
1.00563979 
0.69514447 
0.00000000 
-0.85385835 
0.71662843 
0.00000000 
0.00000000 
0.00000000 
0.00000000 
0.00000000 
0.00000000 
0.00000000 
-0.26273444 
0.00000000 
0.00000000 
-0.76929438 
0.89298493 
0.00000000 
0.00000000 
0.00000000 
0.00000000 
0.19583477 
0.52218860 
0.84194529 
0.00000000 
0.10042129 
0.69400185 
0.00000000 
-0.96753293 
0.00000000 
0.00000000 
0.00000000 
0.00000000 
0.54158419 
0.00000000 
0.00000000 

WA2 content after BSIZE:
0.00000000 0.00000000 0.00000000 0.00000000 
0.00000000 0.00000000 0.00000000 0.00000000 
0.00000000 0.00000000 0.00000000 0.00000000 
0.00000000 0.00000000 0.00000000 0.00000000 
0.00000000 0.00000000 0.00000000 0.00000000 
0.00000000 0.00000000 0.00000000 0.00000000 
0.00000000 0.00000000 0.13310289 0.00000000 
0.00000000 0.00000000 0.00000000 0.00000000 
0.00000000 0.00000000 0.83205247 0.00000000 
0.00000000 0.00000000 0.83673853 0.00000000 
0.00000000 0.00000000 1.11059356 0.00000000 
0.00000000 0.00000000 0.00000000 0.00000000 
0.00000000 0.00000000 0.00000000 0.00000000 
0.00000000 0.00000000 0.55859119 0.00000000 
0.00000000 0.00000000 0.00000000 0.00000000 
0.00000000 0.00000000 0.00000000 0.00000000 
0.00000000 0.00000000 0.00000000 0.00000000 
0.00000000 0.00000000 4.07228279 0.00000000 
0.00000000 0.00000000 0.00000000 0.00000000 
0.00000000 0.00000000 0.00000000 0.00000000 
0.00000000 0.00000000 1.06430292 0.00000000 
0.00000000 0.00000000 1.00172698 0.00000000 
0.00000000 0.00000000 0.00000000 0.00000000 
0.00000000 0.00000000 0.48004249 0.00000000 
0.00000000 0.00000000 0.00000000 0.00000000 
0.00000000 0.00000000 0.00000000 0.00000000 
0.00000000 0.00000000 0.00000000 0.00000000 
0.00000000 0.00000000 0.00000000 0.00000000 
0.00000000 0.00000000 1.51888382 0.00000000 
0.00000000 0.00000000 3.78237343 0.00000000 
0.00000000 0.00000000 0.00000000 0.00000000 
0.00000000 0.00000000 0.60623002 0.00000000 
0.00000000 0.00000000 3.43381953 0.00000000 
0.00000000 0.00000000 0.00000000 0.00000000 
0.00000000 0.00000000 0.00000000 0.00000000 
0.00000000 0.00000000 0.00000000 0.00000000 
0.00000000 0.00000000 0.00000000 0.00000000 
0.00000000 0.00000000 0.00000000 0.00000000 
0.00000000 0.00000000 0.00000000 0.00000000 
0.00000000 0.00000000 0.00000000 0.00000000 
0.00000000 0.00000000 2.76228309 0.00000000 
0.00000000 0.00000000 0.00000000 0.00000000 
0.00000000 0.00000000 0.00000000 0.00000000 
0.00000000 0.00000000 1.01519370 0.00000000 
0.00000000 0.00000000 1.15876567 0.00000000 
0.00000000 0.00000000 0.00000000 0.00000000 
0.00000000 0.00000000 0.00000000 0.00000000 
0.00000000 0.00000000 0.00000000 0.00000000 
0.00000000 0.00000000 0.00000000 0.00000000 
0.00000000 0.00000000 2.38061190 0.00000000 
0.00000000 0.00000000 3.27858114 0.00000000 
0.00000000 0.00000000 0.79634482 0.00000000 
0.00000000 0.00000000 0.00000000 0.00000000 
0.00000000 0.00000000 1.12908125 0.00000000 
0.00000000 0.00000000 1.26534259 0.00000000 
0.00000000 0.00000000 0.00000000 0.00000000 
0.00000000 0.00000000 0.80616510 0.00000000 
0.00000000 0.00000000 0.00000000 0.00000000 
0.00000000 0.00000000 0.00000000 0.00000000 
0.00000000 0.00000000 0.00000000 0.00000000 
0.00000000 0.00000000 0.00000000 0.00000000 
0.00000000 0.00000000 2.34592819 0.00000000 
0.00000000 0.00000000 0.00000000 0.00000000 
0.00000000 0.00000000 0.00000000 0.00000000 

WA1 content after BSIZE:
0.00000000 0.00000000 0.00000000 0.00000000 0.00000000 0.00000000 0.00000000 0.00000000 0.00000000 0.00000000 0.00000000 0.00000000 0.00000000 0.00000000 0.00000000 0.00000000 0.00000000 0.00000000 0.00000000 0.00000000 0.00000000 0.00000000 0.00000000 0.00000000 0.00000000 0.00000000 0.00000000 0.00000000 0.00000000 0.00000000 0.00000000 0.00000000 0.00000000 0.00000000 0.00000000 0.00000000 0.00000000 0.00000000 0.00000000 0.00000000 0.00000000 0.00000000 0.00000000 0.00000000 0.00000000 0.00000000 0.00000000 0.00000000 0.00000000 0.00000000 0.00000000 0.00000000 0.00000000 0.00000000 0.00000000 0.00000000 0.00000000 0.00000000 0.00000000 0.00000000 0.00000000 0.00000000 0.00000000 0.00000000 
0.00000000 0.00000000 0.00000000 0.00000000 0.00000000 0.00000000 -0.18195947 0.00000000 -0.29206786 -0.26470450 -0.04986014 0.00000000 0.00000000 -0.10672916 0.00000000 0.00000000 0.00000000 -0.19359428 0.00000000 0.00000000 -0.08567343 0.21234146 0.00000000 0.17372462 0.00000000 0.00000000 0.00000000 0.00000000 -0.25140995 -0.17378612 0.00000000 0.21346459 -0.17915711 0.00000000 0.00000000 0.00000000 0.00000000 0.00000000 0.00000000 0.00000000 0.06568361 0.00000000 0.00000000 0.19232360 -0.22324623 0.00000000 0.00000000 0.00000000 0.00000000 -0.04895869 -0.13054715 -0.21048632 0.00000000 -0.02510532 -0.17350046 0.00000000 0.24188323 0.00000000 0.00000000 0.00000000 0.00000000 -0.13539605 0.00000000 0.00000000 
0.00000000 0.00000000 0.00000000 0.00000000 0.00000000 0.00000000 -0.36391893 0.00000000 -0.58413571 -0.52940899 -0.09972028 0.00000000 0.00000000 -0.21345833 0.00000000 0.00000000 0.00000000 -0.38718855 0.00000000 0.00000000 -0.17134686 0.42468292 0.00000000 0.34744924 0.00000000 0.00000000 0.00000000 0.00000000 -0.50281990 -0.34757224 0.00000000 0.42692918 -0.35831422 0.00000000 0.00000000 0.00000000 0.00000000 0.00000000 0.00000000 0.00000000 0.13136722 0.00000000 0.00000000 0.38464719 -0.44649246 0.00000000 0.00000000 0.00000000 0.00000000 -0.09791739 -0.26109430 -0.42097265 0.00000000 -0.05021065 -0.34700093 0.00000000 0.48376647 0.00000000 0.00000000 0.00000000 0.00000000 -0.27079210 0.00000000 0.00000000 
0.00000000 0.00000000 0.00000000 0.00000000 0.00000000 0.00000000 -0.54587841 0.00000000 -0.87620354 -0.79411352 -0.14958042 0.00000000 0.00000000 -0.32018751 0.00000000 0.00000000 0.00000000 -0.58078283 0.00000000 0.00000000 -0.25702029 0.63702440 0.00000000 0.52117383 0.00000000 0.00000000 0.00000000 0.00000000 -0.75422984 -0.52135837 0.00000000 0.64039373 -0.53747129 0.00000000 0.00000000 0.00000000 0.00000000 0.00000000 0.00000000 0.00000000 0.19705084 0.00000000 0.00000000 0.57697082 -0.66973871 0.00000000 0.00000000 0.00000000 0.00000000 -0.14687608 -0.39164144 -0.63145900 0.00000000 -0.07531597 -0.52050138 0.00000000 0.72564971 0.00000000 0.00000000 0.00000000 0.00000000 -0.40618813 0.00000000 0.00000000 
0.00000000 0.00000000 0.00000000 0.00000000 0.00000000 0.00000000 -0.72783786 0.00000000 -1.16827142 -1.05881798 -0.19944055 0.00000000 0.00000000 -0.42691666 0.00000000 0.00000000 0.00000000 -0.77437711 0.00000000 0.00000000 -0.34269372 0.84936583 0.00000000 0.69489849 0.00000000 0.00000000 0.00000000 0.00000000 -1.00563979 -0.69514447 0.00000000 0.85385835 -0.71662843 0.00000000 0.00000000 0.00000000 0.00000000 0.00000000 0.00000000 0.00000000 0.26273444 0.00000000 0.00000000 0.76929438 -0.89298493 0.00000000 0.00000000 0.00000000 0.00000000 -0.19583477 -0.52218860 -0.84194529 0.00000000 -0.10042129 -0.69400185 0.00000000 0.96753293 0.00000000 0.00000000 0.00000000 0.00000000 -0.54158419 0.00000000 0.00000000 
0.00000000 0.00000000 0.00000000 0.00000000 0.00000000 0.00000000 -0.90979731 0.00000000 -1.46033931 -1.32352245 -0.24930069 0.00000000 0.00000000 -0.53364581 0.00000000 0.00000000 0.00000000 -0.96797138 0.00000000 0.00000000 -0.42836714 1.06170726 0.00000000 0.86862314 0.00000000 0.00000000 0.00000000 0.00000000 -1.25704980 -0.86893058 0.00000000 1.06732297 -0.89578557 0.00000000 0.00000000 0.00000000 0.00000000 0.00000000 0.00000000 0.00000000 0.32841805 0.00000000 0.00000000 0.96161795 -1.11623120 0.00000000 0.00000000 0.00000000 0.00000000 -0.24479346 -0.65273577 -1.05243158 0.00000000 -0.12552662 -0.86750233 0.00000000 1.20941615 0.00000000 0.00000000 0.00000000 0.00000000 -0.67698026 0.00000000 0.00000000 
0.00000000 0.00000000 0.00000000 0.00000000 0.00000000 0.00000000 -1.09175682 0.00000000 -1.75240707 -1.58822703 -0.29916084 0.00000000 0.00000000 -0.64037502 0.00000000 0.00000000 0.00000000 -1.16156566 0.00000000 0.00000000 -0.51404059 1.27404881 0.00000000 1.04234767 0.00000000 0.00000000 0.00000000 0.00000000 -1.50845969 -1.04271674 0.00000000 1.28078747 -1.07494259 0.00000000 0.00000000 0.00000000 0.00000000 0.00000000 0.00000000 0.00000000 0.39410168 0.00000000 0.00000000 1.15394163 -1.33947742 0.00000000 0.00000000 0.00000000 0.00000000 -0.29375216 -0.78328288 -1.26291800 0.00000000 -0.15063193 -1.04100275 0.00000000 1.45129943 0.00000000 0.00000000 0.00000000 0.00000000 -0.81237626 0.00000000 0.00000000 
0.00000000 0.00000000 0.00000000 0.00000000 0.00000000 0.00000000 -1.27371621 0.00000000 -2.04447508 -1.85293150 -0.34902096 0.00000000 0.00000000 -0.74710417 0.00000000 0.00000000 0.00000000 -1.35516000 0.00000000 0.00000000 -0.59971398 1.48639023 0.00000000 1.21607232 0.00000000 0.00000000 0.00000000 0.00000000 -1.75986958 -1.21650279 0.00000000 1.49425209 -1.25409973 0.00000000 0.00000000 0.00000000 0.00000000 0.00000000 0.00000000 0.00000000 0.45978528 0.00000000 0.00000000 1.34626520 -1.56272364 0.00000000 0.00000000 0.00000000 0.00000000 -0.34271085 -0.91383004 -1.47340429 0.00000000 -0.17573726 -1.21450329 0.00000000 1.69318259 0.00000000 0.00000000 0.00000000 0.00000000 -0.94777232 0.00000000 0.00000000 

WA2 content after BatchS:
0.00000000 0.00000000 0.00000000 0.00000000 
0.00000000 0.00000000 0.00000000 0.00000000 
0.00000000 0.00000000 0.00000000 0.00000000 
0.00000000 0.00000000 0.00000000 0.00000000 
0.00000000 0.00000000 0.00000000 0.00000000 
0.00000000 0.00000000 0.00000000 0.00000000 
0.00000000 0.00000000 0.13310289 0.00000000 
0.00000000 0.00000000 0.00000000 0.00000000 
0.00000000 0.00000000 0.83205247 0.00000000 
0.00000000 0.00000000 0.83673853 0.00000000 
0.00000000 0.00000000 1.11059356 0.00000000 
0.00000000 0.00000000 0.00000000 0.00000000 
0.00000000 0.00000000 0.00000000 0.00000000 
0.00000000 0.00000000 0.55859119 0.00000000 
0.00000000 0.00000000 0.00000000 0.00000000 
0.00000000 0.00000000 0.00000000 0.00000000 
0.00000000 0.00000000 0.00000000 0.00000000 
0.00000000 0.00000000 4.07228279 0.00000000 
0.00000000 0.00000000 0.00000000 0.00000000 
0.00000000 0.00000000 0.00000000 0.00000000 
0.00000000 0.00000000 1.06430292 0.00000000 
0.00000000 0.00000000 1.00172698 0.00000000 
0.00000000 0.00000000 0.00000000 0.00000000 
0.00000000 0.00000000 0.48004249 0.00000000 
0.00000000 0.00000000 0.00000000 0.00000000 
0.00000000 0.00000000 0.00000000 0.00000000 
0.00000000 0.00000000 0.00000000 0.00000000 
0.00000000 0.00000000 0.00000000 0.00000000 
0.00000000 0.00000000 1.51888382 0.00000000 
0.00000000 0.00000000 3.78237343 0.00000000 
0.00000000 0.00000000 0.00000000 0.00000000 
0.00000000 0.00000000 0.60623002 0.00000000 
0.00000000 0.00000000 3.43381953 0.00000000 
0.00000000 0.00000000 0.00000000 0.00000000 
0.00000000 0.00000000 0.00000000 0.00000000 
0.00000000 0.00000000 0.00000000 0.00000000 
0.00000000 0.00000000 0.00000000 0.00000000 
0.00000000 0.00000000 0.00000000 0.00000000 
0.00000000 0.00000000 0.00000000 0.00000000 
0.00000000 0.00000000 0.00000000 0.00000000 
0.00000000 0.00000000 2.76228309 0.00000000 
0.00000000 0.00000000 0.00000000 0.00000000 
0.00000000 0.00000000 0.00000000 0.00000000 
0.00000000 0.00000000 1.01519370 0.00000000 
0.00000000 0.00000000 1.15876567 0.00000000 
0.00000000 0.00000000 0.00000000 0.00000000 
0.00000000 0.00000000 0.00000000 0.00000000 
0.00000000 0.00000000 0.00000000 0.00000000 
0.00000000 0.00000000 0.00000000 0.00000000 
0.00000000 0.00000000 2.38061190 0.00000000 
0.00000000 0.00000000 3.27858114 0.00000000 
0.00000000 0.00000000 0.79634482 0.00000000 
0.00000000 0.00000000 0.00000000 0.00000000 
0.00000000 0.00000000 1.12908125 0.00000000 
0.00000000 0.00000000 1.26534259 0.00000000 
0.00000000 0.00000000 0.00000000 0.00000000 
0.00000000 0.00000000 0.80616510 0.00000000 
0.00000000 0.00000000 0.00000000 0.00000000 
0.00000000 0.00000000 0.00000000 0.00000000 
0.00000000 0.00000000 0.00000000 0.00000000 
0.00000000 0.00000000 0.00000000 0.00000000 
0.00000000 0.00000000 2.34592819 0.00000000 
0.00000000 0.00000000 0.00000000 0.00000000 
0.00000000 0.00000000 0.00000000 0.00000000 

WA1 content after BatchS:
0.00000000 0.00000000 0.00000000 0.00000000 0.00000000 0.00000000 0.00000000 0.00000000 0.00000000 0.00000000 0.00000000 0.00000000 0.00000000 0.00000000 0.00000000 0.00000000 0.00000000 0.00000000 0.00000000 0.00000000 0.00000000 0.00000000 0.00000000 0.00000000 0.00000000 0.00000000 0.00000000 0.00000000 0.00000000 0.00000000 0.00000000 0.00000000 0.00000000 0.00000000 0.00000000 0.00000000 0.00000000 0.00000000 0.00000000 0.00000000 0.00000000 0.00000000 0.00000000 0.00000000 0.00000000 0.00000000 0.00000000 0.00000000 0.00000000 0.00000000 0.00000000 0.00000000 0.00000000 0.00000000 0.00000000 0.00000000 0.00000000 0.00000000 0.00000000 0.00000000 0.00000000 0.00000000 0.00000000 0.00000000 
0.00000000 0.00000000 0.00000000 0.00000000 0.00000000 0.00000000 -0.18195947 0.00000000 -0.29206786 -0.26470450 -0.04986014 0.00000000 0.00000000 -0.10672916 0.00000000 0.00000000 0.00000000 -0.19359428 0.00000000 0.00000000 -0.08567343 0.21234146 0.00000000 0.17372462 0.00000000 0.00000000 0.00000000 0.00000000 -0.25140995 -0.17378612 0.00000000 0.21346459 -0.17915711 0.00000000 0.00000000 0.00000000 0.00000000 0.00000000 0.00000000 0.00000000 0.06568361 0.00000000 0.00000000 0.19232360 -0.22324623 0.00000000 0.00000000 0.00000000 0.00000000 -0.04895869 -0.13054715 -0.21048632 0.00000000 -0.02510532 -0.17350046 0.00000000 0.24188323 0.00000000 0.00000000 0.00000000 0.00000000 -0.13539605 0.00000000 0.00000000 
0.00000000 0.00000000 0.00000000 0.00000000 0.00000000 0.00000000 -0.36391893 0.00000000 -0.58413571 -0.52940899 -0.09972028 0.00000000 0.00000000 -0.21345833 0.00000000 0.00000000 0.00000000 -0.38718855 0.00000000 0.00000000 -0.17134686 0.42468292 0.00000000 0.34744924 0.00000000 0.00000000 0.00000000 0.00000000 -0.50281990 -0.34757224 0.00000000 0.42692918 -0.35831422 0.00000000 0.00000000 0.00000000 0.00000000 0.00000000 0.00000000 0.00000000 0.13136722 0.00000000 0.00000000 0.38464719 -0.44649246 0.00000000 0.00000000 0.00000000 0.00000000 -0.09791739 -0.26109430 -0.42097265 0.00000000 -0.05021065 -0.34700093 0.00000000 0.48376647 0.00000000 0.0000q.finish
hi
TEST PASSED
0000 0.00000000 0.00000000 -0.27079210 0.00000000 0.00000000 
0.00000000 0.00000000 0.00000000 0.00000000 0.00000000 0.00000000 -0.54587841 0.00000000 -0.87620354 -0.79411352 -0.14958042 0.00000000 0.00000000 -0.32018751 0.00000000 0.00000000 0.00000000 -0.58078283 0.00000000 0.00000000 -0.25702029 0.63702440 0.00000000 0.52117383 0.00000000 0.00000000 0.00000000 0.00000000 -0.75422984 -0.52135837 0.00000000 0.64039373 -0.53747129 0.00000000 0.00000000 0.00000000 0.00000000 0.00000000 0.00000000 0.00000000 0.19705084 0.00000000 0.00000000 0.57697082 -0.66973871 0.00000000 0.00000000 0.00000000 0.00000000 -0.14687608 -0.39164144 -0.63145900 0.00000000 -0.07531597 -0.52050138 0.00000000 0.72564971 0.00000000 0.00000000 0.00000000 0.00000000 -0.40618813 0.00000000 0.00000000 
0.00000000 0.00000000 0.00000000 0.00000000 0.00000000 0.00000000 -0.72783786 0.00000000 -1.16827142 -1.05881798 -0.19944055 0.00000000 0.00000000 -0.42691666 0.00000000 0.00000000 0.00000000 -0.77437711 0.00000000 0.00000000 -0.34269372 0.84936583 0.00000000 0.69489849 0.00000000 0.00000000 0.00000000 0.00000000 -1.00563979 -0.69514447 0.00000000 0.85385835 -0.71662843 0.00000000 0.00000000 0.00000000 0.00000000 0.00000000 0.00000000 0.00000000 0.26273444 0.00000000 0.00000000 0.76929438 -0.89298493 0.00000000 0.00000000 0.00000000 0.00000000 -0.19583477 -0.52218860 -0.84194529 0.00000000 -0.10042129 -0.69400185 0.00000000 0.96753293 0.00000000 0.00000000 0.00000000 0.00000000 -0.54158419 0.00000000 0.00000000 
0.00000000 0.00000000 0.00000000 0.00000000 0.00000000 0.00000000 -0.90979731 0.00000000 -1.46033931 -1.32352245 -0.24930069 0.00000000 0.00000000 -0.53364581 0.00000000 0.00000000 0.00000000 -0.96797138 0.00000000 0.00000000 -0.42836714 1.06170726 0.00000000 0.86862314 0.00000000 0.00000000 0.00000000 0.00000000 -1.25704980 -0.86893058 0.00000000 1.06732297 -0.89578557 0.00000000 0.00000000 0.00000000 0.00000000 0.00000000 0.00000000 0.00000000 0.32841805 0.00000000 0.00000000 0.96161795 -1.11623120 0.00000000 0.00000000 0.00000000 0.00000000 -0.24479346 -0.65273577 -1.05243158 0.00000000 -0.12552662 -0.86750233 0.00000000 1.20941615 0.00000000 0.00000000 0.00000000 0.00000000 -0.67698026 0.00000000 0.00000000 
0.00000000 0.00000000 0.00000000 0.00000000 0.00000000 0.00000000 -1.09175682 0.00000000 -1.75240707 -1.58822703 -0.29916084 0.00000000 0.00000000 -0.64037502 0.00000000 0.00000000 0.00000000 -1.16156566 0.00000000 0.00000000 -0.51404059 1.27404881 0.00000000 1.04234767 0.00000000 0.00000000 0.00000000 0.00000000 -1.50845969 -1.04271674 0.00000000 1.28078747 -1.07494259 0.00000000 0.00000000 0.00000000 0.00000000 0.00000000 0.00000000 0.00000000 0.39410168 0.00000000 0.00000000 1.15394163 -1.33947742 0.00000000 0.00000000 0.00000000 0.00000000 -0.29375216 -0.78328288 -1.26291800 0.00000000 -0.15063193 -1.04100275 0.00000000 1.45129943 0.00000000 0.00000000 0.00000000 0.00000000 -0.81237626 0.00000000 0.00000000 
0.00000000 0.00000000 0.00000000 0.00000000 0.00000000 0.00000000 -1.27371621 0.00000000 -2.04447508 -1.85293150 -0.34902096 0.00000000 0.00000000 -0.74710417 0.00000000 0.00000000 0.00000000 -1.35516000 0.00000000 0.00000000 -0.59971398 1.48639023 0.00000000 1.21607232 0.00000000 0.00000000 0.00000000 0.00000000 -1.75986958 -1.21650279 0.00000000 1.49425209 -1.25409973 0.00000000 0.00000000 0.00000000 0.00000000 0.00000000 0.00000000 0.00000000 0.45978528 0.00000000 0.00000000 1.34626520 -1.56272364 0.00000000 0.00000000 0.00000000 0.00000000 -0.34271085 -0.91383004 -1.47340429 0.00000000 -0.17573726 -1.21450329 0.00000000 1.69318259 0.00000000 0.00000000 0.00000000 0.00000000 -0.94777232 0.00000000 0.00000000 
The maximum depth reached by any of the 7 hls::stream() instances in the design is 64
